0 -429.13 -87.68 465244454550536244630546133530150332332654145446240203643414323432242650651160033665345025111221010040502203445264045212256330356043201110034302264145202515102450126415054125231350606113365030006033505064230312513246235036323233112520254211565
10 -97.45 2.20 264222003253326503635530313431243211562456453433551603240015210446225265063025530254143401435435664122611553665226325463013143064515630661203520364251032461461324321251542442066163142115634134246546002553324415660125063603534231463362054456620
20 -34.44 2.60 066264003253326303635630613401156422220630660460341224250654151142243303514560431345606230641560412344404441521434164615511514640541131355504334235015123402512453446250613364122625605002233014465020145466140350435551011554401656106241326351321
30 -19.36 5.40 245042626113613215026005216431050265162336453433551601053105042514663265043025530225141401435435664142416316651235651660050221000546130341013501030116661010242613646250613224422625604042233114455323145466140350435543011524401656106240326351121
40 -12.39 8.80 245242626263603215026305216431050215262336253435551601063105045514660003562521431345626200641660256645016326352433041650053221560351161355523511060116631010244263364656413265256203355231043314466120142456040352513514000441142624230201604021161
50 -14.44 9.80 245242626253113215002435206331160215262336413433531401053055241514663003516561031345616250641260256642016326651253041650063121000222100350004343325541151010246263344204113324421625301042243615455115143463133520553515566653565030626266330330631
60 -7.89 12.80 146364056456600211026400013461030215262332454435451604063135342014662003510521431345666200641660256055016426362133051161250221000146535551013541060116661402512653645250411224420355664502533162455150122356100350431044031035604656606261631351121
70 -5.91 16.80 245004056656603515002435306331160215266336453133552601003165542514663305343045241240625221631660256345114321610433041666303222540351361055523213010111631402642223346254452224421255304261643314455150125466100350432041046531104432606261131351121
80 -2.06 20.40 245004056156602225061405132331050150162321153434416601053055141514603204306561231655626252231662256646016326356230650662643251540325051225555335435011634462642221346256450224421255604605533660435150122356100350431064330431102646265201350101561
90 -19.50 27.60 245004056156603205061405136331250150162021153434416601053255141524603204306561231655626252141662256655016226356230650662660251540325141223551133535066324116642223346243051254424255204506633150455150212666150353130641536030101656105335330160401
100 5.75 32.80 245050056156603315021405132331054156162021153434416603053245051524603204206561031655606242141662206646116226606230650662600251040325141423531533535066325114642223346243151254424255204506633350454150122656250353401641430630101653205335300162301
110 -6.77 32.00 445004054156602225332455136331053150162025154134436601053255141514603203306564231655626252141662656325016236353230655653640251545321141223551406445066325113662223356243351254424255214566633350466150122656150353401641430320135652202355330414451
120 9.70 35.60 236004056352403205051415631331420156166021153436616605553206140530633204306566031655626232141662356546426246356236653611610051645325101223551405545066325114662223355245051256414251204504233150455150115665150350130641245425105652263355364230101
130 -5.63 41.20 245432354256600255515635566331650152141621153431416601453251145524602240040564014355626544143460456655016224316236640663660221542635431226514404565030324112662201355242151252424221100514333150455150116536150351600641432320135652252351350230101
140 9.18 39.60 244004036156602255064005516315020156162125154134416601043261145524104240246564012355626225253360456654016126666231252453230251543302031123552206446266325154162225156243154254416355124534036165455150112661153353030646000420105652515315454320121
150 6.97 58.00 645004356251603255064636536331650152441621153431412611455551245524604302326535213355656534253660456662616206355231652453120211543322433222551466265041325514662223355242151252424251004544423156556113162632153456160641664435201656505315356320121
160 3.52 48.80 645304350255603355054636533615020156112111154140416601043241440354604240444344014355054544253666456666616106355231652453120011543332433224551304545265314112232223355143155654404256201534303150463153115261154322130631265300135666223356350241101
170 14.27 58.40 244014056156630255264405516315020351142125155134116601243251545614606240236654214355625556253060516644016125634231652453224211543321435226524614545033324512612223354243155254420256221234303150463153064264154352130631245303135666223356340241101
180 8.74 54.80 350332055046650255535315516315020156115126154104516601043252345544604301326334313355651520353150456366016266356230655453263216543325131160260450645035324612612253244543355254102250204503333150264154110546150333623261435120135661233356350243101
190 27.51 67.60 246051055256600254412631106615020156151126154134416601346251145524106201226654216350622426253630456522456306356130251415642251043162231224530200446035624552112023152223155254424251403604036151056153414546120333603261435510336602403354656320026
200 11.74 61.60 046051055256600254412331004615020156150120154154416605043252445554106400226654216355662425253030556512426326356130251415646655563162433224530200436335624552115423154223155254424051403604036120456153415646150333103261430453401522533546256321021
210 18.08 71.60 256554055251605354412631604615020156150126154134116604043266144554103640033624214354325425655630455514626304356130250415646261565142631224564200346035620512212023154223154250405256664003036150263151410546150433663262435414452552233356156310021
220 24.23 77.00 146051055251630254413631106611022150651022154634116602043452145524106042033654214355622062256330414322426306356630052215156261506142231220504100142034600512215023154223152250405056661003335154266152314646150216563260216221231102453354056320121
230 20.48 54.60 236061055251031256414636106611022150150126154032421640042260145524506020236656626354652424253630456022526303353130250315646261562642231524264210346035660212212023154224154250413253664503342154266154112322050216563260216021231102553354656520601
240 27.65 56.80 636251055256602256424636106611024155150126154032426641046260144524103640546624414454325425655430455414624303353100250315646262562142231224264220346435660512232423154234054250113254636551342114266150312636150330142503440403102062533156056444021
250 26.94 59.36 352061055251631253414636606331522155154146151630116654043360144521103640053624214354344425256430415414326303353100250315640261562142231221264522346045666341242023054454154250113253336501342154266150410632150336164503600423132062533156056460021
260 17.39 64.00 256151355056600256444636406616054155110156154030426604243260244521103640053024014354324025650430415614326003350100252312606451463262241223264522346055660311542323154624154253113252336501242154206150610632150236165501400003112062533156056462021
270 15.75 77.60 256051055256602256613636116613022154150146654340116654043362265224603640031624512354022101650430415614326043340100156214340261562142441221222506346055660311542323254344054253113252336541242154206150610632150166505260400403132064556134056440400
280 13.36 96.20 456051355256604256513036106216036155150226154336004644243362265534103500034324515354521101655432455443606346051033165055643261562042226636254562346055652514040203655224154253313253326646204134266150610632150236160550440100102662366101054450022
290 21.17 99.92 656051051256620056415641405354022154154144154366425644243362265234103240034324515354521101655232055146406303650630255055643261562522236632241022644035650346242623154324343250426255630263362110256153212233254336165513500303102062533006061460324
300 19.89 87.96 656052053256600256415641405354024154154144150620666652043332265543643640041624315354321101355430455413606446056033164053642261255603531021662522336015660311552223152364354250113252336346242154266150610662150236155501400403313022534452652562021
