0 -439.71 -70.36 225664434365553225350046202555320561464504146565352144233102662230504050033335003142222131634121131051461226104023434461236300450422613360411353631344566426563223556125001542644324213511506135006132325052422036305616632653656023160332626054064
10 -162.53 2.00 136400505203034023164222455110160612541646305112640046025525545620146052453223551014060454024303215366250501565161014404043225510130013112251510340124342411221324635454455412234004135423604655235440444306134605231156034545346044513545001016435
20 -153.88 3.40 151400226306646010456321106663652446145254413016253645352023223434546651511313440542112662004113350633152020316020604052412114300654633641500051515655562156000531600114210254465460533454123606032430026325553036561256302241401532254012522150210
30 -162.02 3.60 312121425345640432535022121440134006505654220542422434333020241021312353115135062460434623623206136030304416643426435546440005630656116446266510436261524335341341223333503562522056420411205433206441050346150513416630364464053066155556111644545
40 -165.26 5.20 004546506653420205043413315551216466416024052602114526666512121143642443562536515556110661611252063060011465465444502456242211121331242255462425663141211244450545212361466433301431420144002000166445634065311020500235151421321112120031600444360
50 -157.08 2.80 456316544230523234665635063302664442221534020665631054321613343645542645015230411163652215356114602345006026611664410514314553502125554351636222202113611631122163465305415425143541222433026025531336466051466501232113234604240321452410426452430
60 -133.64 3.20 020362243066202146401335251163305402645314165030054154602332126212360132544044526322656021663546144123536401631130213326311353464006504454442120523425230301215332631345123535031612650143401442145612616430312423061163453536313025551366640200641
70 -170.37 -5.12 534254452005330025224205444446421305346533402430664520235511116645446045235635504302024250226132466052026135440254262442421645163604532013325010104305634056004202065445606046162124300640314011103134513543506140605564102655341560405331106560131
80 -162.59 0.60 351354224032341151021231124263624143151144021015521435566441656233411533525124654015423510441466132343143400513030653206121456501246606454133514425111421442456115320561263441366632613511151061221444301601014205564525462500153215251210222150141
90 -150.37 2.80 163140041564511355001602204320255555165116661353613610416461324040051623641125626610623451316406411402116203506360134322045364410006000103264433326554026166421300541025452101206112605503605656246202036335323313515526532033432301444445005532304
100 -139.20 1.60 314540250426515002501652433416150152213614160331620215232626160040035621461525435665001640232415431156512163030435205212566631315306055124300213260016213441064014453304010212262620560141263242163054213402223015316414016513360030504546315305545
110 -140.56 5.60 560266416624663304131310661454114121205424514464114013534246003643046501051136265153301653435606043015464545343262413100662225361034066216331005166663355661140100210352433063201126102631635505520565400354513455264161154312414453202302215456243
120 -154.20 3.20 251564365462046006223653302433103220450143060103556030550530254001523665553331133254526325411520645605331634040221303222215222521201310201534512040614626650434024114431421121425443453304411654565030666216303605266201456131401206451221122153054
130 -121.97 3.20 364322320560613201353233011220645303152034452054624130240126305232132651462424346022041111312312131345254021242400010160211060665001550445514646050340062254010445052555145321144405610661652653151141623132421544104125351042625015652644000213556
140 -117.90 5.60 265645503155554022513346516506636353422546466024001651040556215105556353425436606664206204541231524013050036002422252540600023614220406646126315300550600463156015204356442664626635516010014334356351544315465121253605532131140110421063010052320
150 -110.16 6.00 205302400345220646436352264130405405465400600535300644660165311152632215341051506656625133243603324442002214305136303334503106013444552602263546100416523322465512062601144663653404165154621115522326201350550662044601360260121310242631612315033
160 -164.99 2.40 215344630433661546402666423526160201401044461051523152513531421345003340264502465454341256066153662344211332155410504124054541162530045164113324202632652143552212042210254314556603100026332421556465066430320333464251613320201114160143324366214
170 -107.23 5.20 141260002041665216053452623256520635505110151423111064261161142601042612466316446602633000620452214203130644361550543460424044542644502361324044323246226620506535062454141466060434506412550344141343044345110011534255554333646066231616662264415
180 -126.57 3.60 646551252020345636434223665223630235200250013423625464150325320243161341533416433161615040504224021622556651665612525616433316411056424166632425311046562063644162345152546205255425634432111466022440161415030354606240611065362456414445656040124
190 -144.63 0.80 060504250350255332444123263426211055204161052400656452350021200244661341624524526135342063564024323634416662412032002660406664231325460313035211346006651662123523445354446304622412123514404543642640032306352111044013522563566353322001203121433
200 -116.71 2.60 262560123314401611121201660466420301012341212142030635350210232200446101523533155636415002621566551031002035524642002621022230344104154242220402233250152220143505123544021465450520526523053243122340343632056332105550260311045223126242441036314
210 -166.02 -5.56 003215660462521364612301400320642664332025060114330024502516636213601631316636616356263443436014231015241056331241324223203412445462054200335226232613651311303516146643206230455356122023511043403341210530223552564116212530456153053421215600411
220 -157.74 4.60 043511551216640225265116204031640351410060120601015062634604053623212663046606500441360654166566516233166315016052442513012664020221510142662261440023036540243403426361065211245464012361615364261402120533430615411555032524650561363032135663315
230 -128.71 3.40 450045063343505063402521241155020156633362411613012025045356210436302662234310346214560240511636112624020552112313544154632243653201243646011216341662354620312462143364142342561331220463423566042122333525522326600613501362521321130130550626364
240 -124.61 4.40 351606433151425350564544546643001642625165321304506222466065463132200460435246143450621551634041563146216230325355011625150404536023306316003360516351050331513113141062205053266456143655315433435214122304036610566053140354213062551246101116616
250 -140.61 -3.52 510322200060316561222413424163352033332114562050031431324365040155045114136562455336414556155203456152204635300145351632206435440442013300630462542566426221231126202306610430333226164550236634361046152360132621323316661313023220366220130612020
260 -106.43 2.60 166063351246021250053412261205562454453262562563551413316201020632520442045015662313416123340066206262624433654552612460256605500646036311242325544640560031545025104660113346312401236346434313620363520113453160516651442151502236560064410332016
270 -125.29 3.60 610026451302130304231610503536552263101165460446116660633005102151315106561600433053450061001306210304665133453126060342112040120045511604540665005306353125314240362442014641353056611513336151633243644643421615523660242434423163323456253621205
280 -147.53 5.60 623541662203630123463501541523124115356220321016625122512205145343544642045651420655031516323564046606616133532131560334130304504522430065131005451235425504515410020160245403125255440154406046515402223500351412466323611212524062440126413453042
290 -143.98 0.40 520453351235123142052340641025135162444242231021133246621331305103114466455134061125560264345025012456510151424666625345620265005543355542441024226041506640504332620564420141060422262523550051361151411124615114000466405634412403255031631350052
300 -160.47 4.40 112423211420264651206531403602403466304530113043660245452010531203135666112556452361316063631454555126444254010503530566523004335115244600144406542220456520233620443130502314145166462330064245304463455632005263524031321040421504023565144522102
