0 -463.03 -39.48 344465661531130440214320016310365304221504651132551202634526435454253315213462400601553553515512413034226452063640124642541404205505224625360356464166604305012313623366350463010326350345216211433023433205615503253132404200125542630114236360602
10 -92.92 3.20 255545552564623154126153140566333033100000646115612312444661631050164541503350606535053604340242011416246316503656111462556204325343062021605054514204541533231556311565443620261310133452251245221540446644265122025314114654030036141215605140036
20 -20.48 4.80 255545152564653154160522412536662606534160413463146261023614322040666431555160442663043262242054134612562203042326106535166644631322624233105254364304541533256555416565443624454445610366330204412241100502420160241515441643113146405066550206504
30 -7.25 6.00 153345052564653154160504012606662606134160416443143266022314335666601400005520436221061146240161456242536316503656111412026204320303062021605151565404205333231556311535143624444445611140603222456111110106050165141515431643116156501566550206504
40 -10.74 9.20 152145050564613154060504012506142216134560416464166261423614322040466331323350600534003244340542053413016316501656110662526202325043021026454054524204541532231533311562053656414445611140643522326111151022450163241515441643113256405060052205504
50 -20.47 9.20 254525052524253154660502112561661446534160414463143661002644322342461000205350641306053305440241051412011316503616110066516266325022631026605044166204603532231536114562453626210441451360633223316051150002450100454454114621004045406666550205334
60 -5.78 10.00 350446052564653156250502012506662603434142454363146261121414420043261441555165462436353326341042051412266311503026512462056344320601005021602054444404544536230503301502054626555452451360510220416111150000456640225415243310503126405064452206304
70 -1.23 9.60 350442052264653154214302012506660403434266454233146261121314420043261441555160462436353306160652651211311115603463531462520203340103066023502065566304541532231234311562403626414453421340603624526151250510454140255425445633616152501666351256504
80 0.91 16.40 552442050564650054240505012505662603434160454363243241111314420533261441455630412435353306163242021412516316203056111662241604325541034221332064104604041532231234511515453126611465621240243524664151315500456130215415231453136155306200455006004
90 -6.29 14.80 502443050364640054256524011306662603434063154364146351121114320053241421465635412436353366464252032231316115643311531462516241300241360324332454024224541432211443600552453650614055451340633624426153250620154120206415455633445556455366640155503
100 6.97 18.40 522433050564635154256544012536662633434060155364146351321314423533261441456630412455353306162256021412516216233046135012516244250241300014302044504603522436533004113565455326410452452060203024624153260320154220256405441013653252501066451256504
110 -1.57 19.60 552446351564641054236504012503362006434160154363462160125114320053241411465135412121553361464252062231611115603311635512516544255241300064322014504103142432531302513565155426454455453666653044522153254620154120351413061253126156106220155106304
120 4.74 25.20 652040050564121034423604045006361153420165154363446031361314122513261441656630212446313306603536021312515665302126111652546604350551034321032060034630541232031411630555453311415455456306633033423153250363154120256404644603314556655326020043544
130 -1.13 24.40 132040050564121054423154535106361153401165154063446431161351122533261441356630412442314306110251622162556351235043111612031200345641034621232024504603045032536034411564455322466155056303653025522051251653154125300413655635644515155352640054533
140 2.22 28.00 652446050564421054423604040006001352426165154163346031165224132536251040656655412442363306153251021112236204263046111612011650543641104661232064500643045532536634511564155322465155354255603044450154100620152120311413061201120156106220355006004
150 -7.17 33.60 552060050363121454425603043406361133425163154143242010064214512536261040656430432446363026153251621112106614410046155614011000544651404661235024504502065032536014511564155322465155452251623044456150256620154125501420555630643410105250155406304
160 -15.24 34.80 552140350564221054423606043606061152421165154063434031161354140536215042651630434442363306153250421112546614233006111612011660552641154611232024504643015034534034531564150322115155452255324064456154114560150125101213255621163156536316620606334
170 6.32 32.80 552533055064120454423304043006021152421165154030434031215266163633665425355630612316663430661141321312116435063345116662021600543641104461222525164656045412536434511564153322465052213255213001556154114520156115306215255051143156536310640606434
180 3.07 35.20 502145055044121455413606043606661152421115154063434061161354140566566440651250132462363512211421601122516654523562111616011630563644154661232024502643015034554061311664153322465132213255216011656154114525150425001422164153521126100460655006444
190 0.80 31.60 535440055334621154423606043636031352421060154030433006102354122566062040501630646142463304113351661024066315231046115412011602363541141463242523144626045412531432551364153222536156052205053041442153254620156205431414161153232136646346620636434
200 2.22 35.60 552046154524320351423606143646460155411562154063434531144355102331201044551600424443561453114456461456510650554564111622011300544641504630534034506455004030354032551166154022566156052205603015211243254620156201011413255661161156220355643604134
210 -2.68 41.60 562340150504200034025606045666410152422562154060423606102354422266022041501230646140463004113351661124066315231046113662016300553114124604005324502653265034312031521564150124405152200256013050151152233600156320463423161153220336244346625626014
220 5.02 49.40 532446352334611154425606043650306153411062154063524535102354422446022044501652646142463004113341601154056315531366112602506364553141126661005024502653305233302031543264144224465156006225135342444154253600155112102413252161161146244346625626014
230 17.71 51.60 532444152334621134225600043630066153411022156563524535002454442266012454501630036444316315453250326604515254154566111626023450653141104665405524502633165034502022551163155622556154000254335041451154114645150111433453161023252016244146625606434
240 35.46 52.80 531424162334621154425606013640066150512060156562524555002454442266012456501630036446316315423250326214515254501356113662040440643614104024015524062653235004105231144264150204405152266356013051131152433604154330466423161153253416344146625636434
250 4.64 53.20 531444152334621153425666063642466350512060156560014535062454002066012454501430036444316125453260326604515250464566111626023450653144104665405524024653065044552531241264160244405152266356013051231152433654154332465423062156250116344146455636434
260 12.48 58.00 233444152334646353425646663640063150552010151560526530003454442266012451501630030444316315453260326654505234664106111622123400633121104365405524502653565044552031103254152224265151001225305062063152313601152114301246215211561555126101543660534
270 16.32 56.80 531444152024621154435646143510066150562560136560524551002042451204112454201632022143315314453260323003535200164162161634026450653154104664014524514053235054105203441264150204365151000215005244101154313604152114303246265211461555526300643520534
280 8.60 60.40 534544151304161353325403463146026150502560156500524550005032451644112454501630033442366322453160326004535154666241134626025435653101604631215523503663044044542351246261151304365156404234510352101154111065150213001006265122461550626025643320524
290 16.36 56.00 534344112355623153435636141660126151013062156212124035011054052536015455561130033404364312255220326004536454164261544626025435653144162666411526513051263040542230244261151604355151344034511362131154111060152126333650021035254416040562420406204
300 17.58 58.40 553344132324611152435646103610166156605561156040524021005112453004222454501530021440366015455361226004535234134562521241421454653116104665025524064653251024105343641261150204025155566221105034102154563600156020100625605465533330246546401256434
