0 -493.87 -114.12 655664551125520151406614016640533104523324054005152632464015303050341036122561614016325151646504140342661213324411460330062206336156211243021332331103161146514420123303336242232533013511631054645032102630000011252105426124430060200236024130130
10 -99.20 0.80 063143361650444610442006350541266215505635055356221152205634301226250564532526242126225013256310160444563006323632366511414333421662504430251122664116515631556600555001122613366614621366545066050422033606251041006255613356005016243662126424153
20 -24.68 2.00 345452640343465453451316433633556211001003610215613662205634301336446420026231521124532226136654263444463106600512140013542105661441553566004034240006515654122546630544415146346424241113132500612446546160664460413561533612052265236235135363216
30 -28.22 2.80 345062514460444613300016103041215143361421610263466532205634301226256420026231521124532226136654242462521416523312140102024021351441553566004035405540150654122546630544415146366424241113132500612456546160643362314406425124511034350404546263236
40 -24.27 2.80 345062640343465453450016103041252544324003610215613662205634301301504110026231521124532226136654242402521416523312140102024021351441553566004035405540150654122546630544415146346424241113132500612456546160664460413561533612052265236235135363235
50 -16.93 3.80 345062640343465453450016103041252544324461610266466534600634301301504110026231521124132226136654242402521416523312140102024021351441553566004035405540150654122546630544415146346424211113132500612456546660643365314406425120552065236265011263236
60 -18.97 3.20 345352640343465453451316433633552544324003610266466534600634201301504110026231521124132226136654242402521416523312142102024021351441553566004035405540150654102546630544415146346424241115132500612456526660643365314406425124552065236265011213235
70 -14.73 4.00 645052640343465453451316103041252564324003610215613652205054311336446520112410236123532226136654041055521353123312040013044021351641553564004035405540150654122546630544415146346424241113132500612456546140603365314406425124552065236265011263235
80 -5.29 3.60 345352643243465453451310633041252544305451610215613024605634310306404110026231521123532226136654042055530560600312140013044021351441533566004035405540150654022543630544415146346424241113132500612456546140643365314406425124552065236265011263235
90 0.90 5.20 345352640343465453451346433041252544305451610215613024605634341306446420152410236401366463316454041055530560600606411103542025661451553566004035405540150654122046630524415146346424241113142560612456526660643365314606425124011535236255435363216
100 0.95 6.00 345352640343465453451316433041252544321421620215613662205634303306404110426231521123532226136654041055521353123312140013042025661401553566000035405320150654122546630544455146046424241143132560612456516150243365304406425124552065236265411263216
110 1.70 6.40 345352643243465453451316433044252544321421610016466564600030341306446110426031521123360224136654042055530560600312140013042025661401556566000035405340150654122543630544455146346424241143132560612456516150243365304406425124552065536255435363216
120 3.37 6.00 365352643243465453451316433631252544321461610215613034600034311306446420426031551123366463116454541055521353123312140002044021661441453566004035405340150654122543630544455146346454241141132560612456516150243365304406425124011535236655535313216
130 3.10 6.40 345322644353465453453316433631252544321461610216466336600030341306446420426031551123366463110454042055030560600312140013042025161401553566304035405320150654162543630544455146346454241143132560612451516150543362314406425124552535236655535313216
140 2.99 5.60 365352646243445453451316433044252544321461610216466334600030341306404140466330521121366263316454041055535560600012140013042025661401532566006035605320150654122543630544555146346454241141132560612451516150443362314406421124552265236265011263215
150 2.98 7.20 345352642353465453451316433631252544321462610216466332600030341303404140426030521121366263316454041055510560600312144013042025661461532566006035405320153654132543630544455146346454241143132560612456516150223365304436425124552065236265021263216
160 1.88 7.60 345352646243445453451316433044252544321661610216462334600034311300424140426031521121366263316454041055530560600312140013044025661460533566006035405320150644122543630544455146346454241143132560612406516150223362314436425144552065236265021263216
170 2.15 7.20 345352646243445453451316433044252544321461610216466334600036346303404143466340521121366263316454041055535560600012140113042025661401533566006035405320150654122543630544455146346454241143132530612256516150223365304436425124552065236265021263216
180 3.21 6.40 305352636243445253451316433044252544321461610216466334600050301306604140426031521121366263316454041055535560600312140123042325661401533566006035405320150654122543635544455146346454641143132530612456516150223362314406465124552065236265021263216
190 3.55 8.00 305352634243445453451316433044252544321461610216466334600050341306404140426031541121366263316454041055535560606012140113042025661401532566006035405320150654122543630544455146346454241143132530612456516150222665304406425124552265236265021263516
200 3.53 7.40 365352646243440455451316433044252544321461610216456334600050341306404140426031521121366263316454041055510560600012140112042025661401533566006035400320150654122543630544454146346454241143142530612456516150523365304436425444551065236265011263216
210 3.75 7.40 365352646243445453451316533044252544321411610216466336600030341301604143466330521151366263316454041055510560650312140113052025661401532566006035405320150554122543630544455136346154241143132530612456516150223365304436425124552065236260021263216
220 4.01 7.20 365352646243445453451316533044252544321411610216466336100030341301604140426031521121366463316454051055530560600012140113042025561401532566006035405325150654122543630544455146346454241143132530652456516150223665304436425124552065216265021263316
230 4.44 6.80 345352646246445453451316433044252544321411610216466336650030344301404140426031521121366263316454046055530560600212140112042625661101532566606035405325150654122523630544455146346454241143142530612456516150223362301636425444552065236265021263216
240 4.08 8.40 345352646243445453441316433044252544321461650216463336600030311306404140426032521121366263316454041055535560650312140113052025621401532566006535405325150654122543630544255146346454241143132530612456516150223365304436425444551065236265011263216
250 4.68 8.40 365352646253445453451316036044252544321461650216463336600030311306404140426032521121366263316454051055510566650312140113052025661401532566006035405325150654122543630544455146346451241143132530612456516150253362301636425444551065616265011263516
260 4.97 8.00 345352646253445453451316436044252544321461650216463336600030311306440140466330521121366263316354041055510560650316140113052025661401554566002035405321150654152043635544465146346451241143132530612456516150253362301636425444551065616265021263216
270 5.14 8.00 365352646223445453451316036044552544321461652266465336600030311306404140426032521121366263316454041051515166650312140113052025661401532566006535405325150654122543630544455146346451241143132530612456516150253362301636425440551065616265011263216
280 4.96 8.40 365352646253445453451316036044252544321461650566463336600030311306404140466032021140366213316354041055510560650312140113051025661401532566002035405321152654122543630504455146346451241143132530612456516150253362301636425440551065616265211263216
290 5.70 9.40 365352646253445453451316036044252544321461650516463336600030311306444140466330521161366263316454041055510560650316240113052025661401532566002035401321150654122543630544455146346451241143132531612456516150253362301636425444541065616265021223216
300 5.11 8.40 365352646253445453451316036044232544351461650516463336600030311306446140466330501121366263316454451055530560650312140113055025661401532566002035405321150654622543630504455146346451241143132530612456516160253362301636425440551045616465011263216
