0 -449.35 -33.20 365232350254326166215554632100425415141161325655013341613112120142003641542635534353015431656532220525350115401153113140446404645014146606105226144105201343605162456550032003241151335402342503650001520624130624502346162322426155665115611602440
10 -108.59 2.00 165134512622260061520314236202154021053463601403331200026665210241405146231233351063626556220164414623614162326304121242532216263644214663444106243543561646543415530615465622130144325205666660506224624031656555021460000346063150244163323134506
20 -8.61 4.40 025660615131346010452014236002054042053463600403301200066641232005652046211233351063626556220164551122153602034651264643034020232334464311666454651506025204550305122356230211564456406141520245550240330234454043143115312515411555236435126540025
30 1.10 4.80 656060225203114220634044103131054042003642060361334201026665410246405146431233351062226556220164551122153602034651264045434020232636034311666454251506025204550305120356540411564456406144520145550244330234454043143115412511411555150255304545523
40 1.63 4.80 656060225203414220634044103131054042063642040361334201046665410246405146431233351063626556220164551122153602034651264045431013552051214331666454251506025254550605102356240111564456406644540241550240330234456043143115312515411101246435526540025
50 -0.56 4.80 656060225203164224634014103332052042053463602403331201036665410246405146131233351063626556260063524545152266024051264641634000232315114331166454251506025204540605102356240411064456406644540241550240330234254043143203312515461500216435526540025
60 -4.52 6.40 656060224203464220635014123132052042053463410404361511026465413245405146435233351001426556223162553445152156034055464623651043552633054316666041251514025204550605142356250411504456406644540241515054130234454643144115043505411500246435036340023
70 3.07 8.00 656360225205413226651603236402052042053463610423331240026665410246005146451363351061646556660063521545102036325655464623251013252633054316666041251511025105550606142306200411404456406644540241550240330234454043143115312535411500245435346540025
80 1.48 9.60 656360222403364220635014123136052052053463656403301001026645410246425146451363351064626556460003521522156666315655464641614521231231534014662034001516025404550600112306255411404356406644520142015454130534454643144115043505411503446435066540025
90 -1.66 9.20 656360225200413226631000036452012042053463042203331246326665410246405146101363351061646146121661551122153242033651264641524021231033054316666041651516022605600605122356250411504406406664526142212454130234454614144615043505436503346415035340023
100 3.80 11.20 456360125400253226634000033422012042653463656203301001026645410246405145451363351064626556460003521522156666315655414141614523552633054316666041651516625125550615112306250411404556406664626142432454130234454614144105043505631503232435351541142
110 -0.99 16.80 652362225205423221655204123156652052251463042203311236326465410244405146102363151062646146121166515044103036315655264623251416352633044316666046651511025505550605122356055414504453406664220142315154130434454614144125043505421503242435366546602
120 -0.80 16.00 156360205203364220635213123156652052053463642203531236326445410644405142102363151062646146121166516042103036415655464653251416552633034316662041451516025105556605152356250211444252126644520142515354120535454143344105003525431063244415036340023
130 0.32 20.00 655362225235463225655204123156052052251463042263332246326645200241405143106363151062346146121164555122103036415655464323223416512633054326162034001546025425554605153356252211444352126644525142515454121534454143343105003525421503244435366546602
140 1.55 22.00 635362225235423225615204153156652052251463042205305016306463423211405145451363651061646136151106515643103036413655464643251416552633536316662041444556025105554605152356250211444231126654520142515154121034454140343105003525431063244415366544602
150 5.36 21.20 255362225235422225655204023156652052251463042214331246312645200201405106141362651061646156124152355122103036515655454641614441233634034316662041451516021105554605152356250211444255526644520142615154121534454142340103003240621313331453346546602
160 8.06 30.00 655362225235423225645204153156052052251463042224301246323645100211445145451363151333646143224150355122103036411655464643231416532633536216662041421516025105552616152342250211444255526640520142515154121534154143340105003545431064204425046546602
170 4.55 25.60 656360220235423225645004124156050052251463042203331236326643423211405145101663551363644204125154554040103036415655454041614641252333036326660044411516025105554605151356250251044255526644520142511154125534054143340505603535020002242435341546602
180 3.61 26.80 355362225235423225645004124156050052251461042203331206326643223211405145101663551363644206125154544040103036414655154351614641252333036336660041446536325105554605150353250251014255525654620152515454020534454142540103000225421003242435062543602
190 6.90 26.80 655362025235420225245604524156050052256463042250343266326046410044406245045363145000346234154406554043133036455055412643254641252533036326440044441516325105554605151353250255014255525654620152511353226534454643343303003240201313312415366446602
200 2.65 30.80 625362225211225025661204163156050055250423442563326166326635410044405245400363353001446536154406554044123336415055456011644641251623536326462341421536025462554605151654250251044255536644505152515453221135354343343301003240201313032415366143602
210 4.28 26.00 355362225211325025641204163154050052250423442203331265326645440044405245505325355001646032154404514643133036416605464041251112551425062310662010451516025004554603151353256253064255625044520154035204220544454640343303003240131153242435562543602
220 3.21 29.40 355362225011425025660200161154052062250423442206036266336301610060405245201363355001646016154404414643133036313655464041616643251435063310662010451516025004554603151653250251011202526645505152515453221544454650343303003240131153242415361146002
230 3.10 27.20 655362226231425025660200161156051052250403662503306066536645440044405241205363355001406066154406554541153056415655152344251116521435012360662010454536325102554603154123250251051252036644522152515043221145154643343303003240131153362652366154614
240 -3.86 35.60 655362225211425325241304623156051052251403002303306265366645410044405242205363355001406016154404014143633030406605464041251112552523506200560041444536056145552645051653256252064255536644505152515453221125150431342303006240301313336415362366602
250 10.59 38.80 655362255232323224640204103154050056250460046343306366323244610044406241205363355001406066154404114042233436406605464060241112512523506313660431444235325106554603151153056251011252536644520154435253221145154641323303003240131153243435562641602
260 25.83 62.44 655332225232323225640204103154350054250460042343306366323344010044435241205343355001406066154404010143133030406600166041451112552523506313360033444216322102553603101153256251611252516054522154435253251145154641323333003440161153242405562661602
270 36.63 98.00 655352255232323225640204103154051054250601002343306366326633450004405241005363325021466066155406011143133030406605166061251112552523023316660041444211325115566423155653250251011352536643520154434253255145654641323303023240131153241435362641602
280 47.54 93.00 655352255232323225640206103154350052250460042343306366323344610044405241005363325021415066154504014103133530406625166041411112550522506316660241414162625115566423155653250251011252536644521054433253256145654660366300003260131154243435662141602
290 57.00 106.40 655352255232623255640204143154350054250460045343306362323303450044435251202343355051406012156404014003133010406600464051251112552523043316100631404211325102634603101153256251011253536644520154334253255125254640363303103240131123241433662141202
300 58.12 125.00 655352354232323205040204106156350054250460002343306366323344610004445251202344355051406012056404015003635030402650460040451111552516506313660041444211325502554603131123250251011213136654520154334253255145254640323303103240133123241435662114202
