0 -434.31 -123.36 325645054644160404516614500531301224103530344423503311345621433306543550364236262632066344603436222214010036066216052134320542625436216402355506242146442443001025264043300414326030665510420055523305511412513016200533650316116325366050644016324
10 -161.21 -4.32 230541322164240402632042132314541350311105666356511531151344536123662632002402564121366532556052510363120502325431062460660056300503555214556110153211662442524025630161013643323641614404103164212225510140141523060556556441535062251523665656115
20 -159.22 1.00 324554050323260613243355305003335106032500625211225662516135610234322446542262405522263524104656004366546651113652566664142132354000013236114414132556540053116525122665130422615142134342150614346462213225311411500030655544056555215203261553414
30 -125.65 0.40 464442065525433145644664444265432145014202235460512354004603126223435045650155304106425525506643322301323344513360152332132631420641550565220400355125300101635253525605441022204524511121445464210030631532466563063535364304425655460603365304456
40 -121.11 0.40 215143021656046025342362602065650034336526642662215120150416043224200442514042343613441306030211653322410431156462411006161463035211432614016113236315022426222231430614630136266555400560066443215050651354440441164034454644440061445145002136654
50 -150.97 0.40 606411541200415236000321511155641055431464100465201302054331121316652351510233625106142661031616323502163636355603220035023025225121436362205044403100641165266512211005043242236641320515662266040504146560460025355201546121554536020013040042625
60 -164.46 1.60 456034151421316353240643543305302555261205361655661041642135060623561056632165636406530060263325055204256205456340216132610042203411222345136601622105141214040561326220466544241544420123165446333342116565056164326325514053200034461361445256513
70 -138.29 2.80 455262542144256205302546226252451044441616543415314363251366561234161222214316052112114613045262622512555113623612203240216630324210466335450450601260246426042641624032026644260644352612111223450563333221652535311422656426456146246065210103161
80 -137.82 2.20 122642566336063466455540324122212550054100120406000452503412646330110431254333245300232633136516550663145204602466052231522644201631401226546423353304603402445302152000046426502265251326222012116203434602220033233112633312535004336003033165634
90 -141.45 2.60 446522025423563405352035315256662425063200241133604133050540213616632524304215554322521633134154265030214102254305656441211502241456266533446265463230220153500410141124435135534142345001105561526352120530411055432642313654436330060126623323522
100 -142.39 4.80 066052446436450665456333625065532256603624444224544543006635602462622622613526310636561560652303454461232124645115200351115651504046135215661421305423365521653154436223241250500240222231202320046523100364023264160152063561306055615366231362623
110 -129.33 5.20 434050410646652543545134223240520263421142243201444245025000030023252401420255635350214510433425461250220630331314134556424653321112551121361165352313523346542152235245143542451406026041165155263312066635042215220341414243616605601331250334011
120 -146.68 0.80 104266633603632141232432353311652226321145062410624630040064030606232403506265463041302160464435513531324605601244635116165521454161441554232034524625240224056005114452311115530445652216416111665255624333364562514326204115646154653421150536436
130 -173.57 -4.20 466100235545204441252060640154425665524000156541263400362633535464444621053254600034650626612434252013403005522505425136560422211660536253402501020306656522102341405601254254110162041513130650065536000543363663561513336416106253203062605262314
140 -164.02 2.80 353522214331022166500312356133300133634161443150020410016466312006116662262314134624552365650345021540500653661550653345332220342456561520204420630540465634356551665030421531552415551124062612363050204656426500222463225514106234035415405416631
150 -130.27 1.80 126431500131132550361024641550102022341113464362050156350550340461250612146445525123446214024330500625023011250231201616620225405505652141644013541060206250520305044203460443661044126251104136622341626111435446022134221624561606316021666111140
160 -146.04 4.60 324523554242513121053131056615535535353516624613522423253526552433360624612542455503042625646305133400530112453213613202665426100565663344636561415125010100340305034064462215452452425204100260161051624062454436622064214622063642465566140526405
170 -179.19 3.60 534253405664012620325366123261014252253466230431216145555630262615204453512465424125411366430052102431044050630104041351546405403502524363604135631401265151053406124413161065353405366316053326254144264221355036341045650344143064354154111212665
180 -158.11 2.00 552023016413520131565603001050645646153163243360614663124632261106135605042402201505064552160424001552134232501631642201440032610565313206514225314423541344564262460412400553234433106164426102251411305665650504315116156564424352616064355042504
190 -158.36 0.80 642624656644223315522343126531140502522202625636333401002446011156265324441215366333656161126635453512336232442201200642644350410454515233161146055341325405411413110650150466334620046203036101451025166253425504645114210425301251254061515546425
200 -155.96 2.40 553663636636464142103641140360630511253054323211263050446104654160041022063340642152426030332042453414622215311566113063213000324126526463334042330433622600302200263231440665221320052122415545645230642513420250602026621104564020143440121000142
210 -186.47 -0.80 366051004004254256564436505356340112151521313415034421545605100616213645133404166303165636004362316006652314566166423504143030626351462320550456305316104606515500163332446401223661643432611155054004221312645351343620660346150325261124362443223
220 -164.59 3.20 021434225136250231026013435654652011462434110521512324254336206302134631102456444106134023122160315460364455602221241110353120653005252440041255264306642010443435510264400420034236021223610051335653344442130614133002134251630630115022604004345
230 -143.45 2.00 120653554304034111060663251513202412426322140443435424431122245003641123541453543452204003165164425510343064315652035541036205620211363531536434324415163304052052630423352532603230233160021536030612003006356115154365415345125655400213164456510
240 -129.39 3.20 062552612535132060535025155640513216142452466125605655161243353450545134604601355335224006164612241246666631421401140316423535414440636302410542616115202301666501635323252621424054355342055026244456244251150556440643660545544156123632554262663
250 -122.69 3.20 400355541166341355322345136226240132053163356241663262431666205043164146450605141100123614452546533421620243655543200561143063213510066562300500405116116666153146152562252365560325635506436266235401203626356164212342505520514562006664663100363
260 -142.09 3.20 254356421610341152535142415156123400636426460264560303656451206260610323405056044254554023021512555415451346542414243531233436131101556364554036204100223435160265253356455166430011212533412360522464405420356513006306626532645224465354612224514
270 -139.12 3.20 623465615636420101554602152433456643113310666006233334504664136503340346404166353033334003611032414616435316336626546145353565454614241616163460506302453362462164264352056413041423011603035264056151224441402451345503342613563603336041310103623
280 -98.74 4.00 360323244136562245521101550452234054622516401412063236552356240125101403402312610345146455404302503116142136001001561242623006213132633132330645355250033513625341543053346610321305663240043416042143211065060252255505026344261323456164634021246
290 -107.59 5.00 254355651562536106112116535013134654105431620314463262333445334406063531460133264643514644415633046040612323163245150414003553051330303021023524113516252012033325210652401655251052401500014112565451630221345545655041223000322334440423354665425
300 -152.87 3.00 466450644516231306061234101351554234303234253312525224043536202455032614455114215016450233415311220644102204636620041052111123240135142055440625613021063240652006600304400452463115055505301554543406301155511662113033300556235210001020341634663
