0 -450.85 -80.56 406625343330616326541566512332332506306662252102445104421565504645053146144534021214064026256255434020516046255636522162565343605441036045450045644422165540422650402435302346141336000506605343442000336342032652662626621106445615511426050326162
10 -217.64 -16.24 541432023424164612213525055212250112256200145053214550312222545246661304023222440413510502532511040302221366256545010641014055435155305416602166524646020353550414330552352665551645644144440060343006205403130003222212500305014603200545154046016
20 -170.86 1.60 111630103032442256264062165054242203442136011200560402262414142153260615215055542511511510234025260451536511652636525246534664224210023203121541332026666565356434406242054242063253623466613255402212145441135400252613155354500151443314035144241
30 -183.21 2.80 300644620225652304021655042655413250434521455200214642242604444362316403603053252242104244314131255535614654604313411513441546234142146556024644353640524255523120461214056056666161062451600324533104644423145305224416051621362655565140563460654
40 -148.84 -4.80 006611652533355655432604032011414402341002043121303433655641436631444325121016114114112540566602443231615664240531326240330053222315625500245053113101112152142403266114202542244052325025360341003220125035413625451215066203416526124135665023552
50 -118.79 3.20 200246566464513541264116035132606451456220444215444335661513130404611223365430201322155622264106222240146530541153042661106606545354323266512004253562160141361254053440456652212455122463066016432055220444116013515455466450300144434435213033356
60 -144.32 2.40 533122364540221340506032320146423214306402312161664034446540636663641556516332154145116521204600362462615411006522061125542113643223523160233236261635211335432503510064240622614125303162255356404355253504350502641554424116064630630665506513113
70 -138.99 3.60 653164105102145351236211234050622243166125245524365012041545540602454236625536636611304162415233525432216320263161114560463311032234542236114455402350363541254023533455556616162053506220465105361241241352330520554521125626440565020156506361156
80 -130.72 4.80 145326416243150112562106666616455455620254266635510531515510662353050506656151323635412660541623463400036361531350326666131523465233434216312466345353015630631645461406445214042451124625106116350000415464431025013405515534235436135344230440445
90 -134.01 6.00 022444125205032460400432541322061062536660636303546433544215534136333516265512135363642641501620202522463664653421241103512422305132300024540131636130351236134364256410024510232444333336533625214056524446425552146255254436341356665060035652231
100 -137.66 2.40 122405320410030503260236451155266132124451610330224611112445465531425503305031651056305200251503141324566625322025451352245464345611344026531206301425241653366165251311053266341606051041002441411441053642160605443465606535666465201016004263060
110 -134.53 2.40 340013120124134440510160305060161004555042060205560561545216545250434645150056642604061453621553223044326645020423422623023160266144102110531640506340356612266621460245226414563402446544624520616340556236610613460425450424344410110442641612450
120 -131.39 2.60 143534436631102645510535225531214161341501044101316400466523665665501455401633331364260610624454416363416433324563102132165220232640113550304641255166426010560253550253642144323051223661535645033444314450356432413666355331321011003342260162202
130 -137.98 3.20 144142432162600613164431423653550321655666600155211622510242443652622353352350200431154350612654133313566426146656315515312435330620135341222226532345213112445305345312221141615454664650054326335660346012323536045200262364011640630321041503532
140 -121.59 4.00 146103552333542422214222261134144200452323564356556650031143313432630525165064662615100122100114614511024446150405366565560433621642341315064303404044156000365535142135234044646463546666211324606222654613416146543530623435233444365422531313062
150 -137.19 1.80 263034511653542522100252162244204644045120534502554446551436544441426053611513054123301142114041362532650536053012144312341426021414316643544510013115616101640235632142403161535315164241053321223405334235241665563363423406252623466164435522525
160 -131.39 1.60 604031304123551033212411130606361043036160140650661246313240223056361046352440651144204461150501566203625446424542536245311260361512106123666240031145435651146634166116366135615356506141010645632465021333544545202062026140625053631433010204523
170 -131.32 2.40 620536245402225513216632140332023043561250511135243250560025331225126434412635634161400413611600006350413603504512411120520354310142463533261233323010043015010056544466466421456040456346056510554220216000401302016436632446043334402154135042104
180 -135.70 4.00 662162040300122245501615441206064461143262342055016333436315131626122444642240354201166623066205503255666664640464524222132616551024032122116452335310244460554431351660404104346340545551533335300455634106642542331260345053435534100440320404131
190 -120.46 4.40 230066433641442335334111441043113331220015032426524453363305032513265312431012413011552204103034645225466626002410363516054116111421232121252225013521505133224511424125545125066425565356215452125350451164605220413005256406642166310232060505613
200 -127.42 4.20 033144521405421014640550503013101056005513344015455254142566431662532256646502240363546565446601546244025406041514454535061441464544264141222211354354645402301424366161414412325542245563305301651501360301315335526466146565351645634600231054303
210 -139.61 4.00 462133056660443053624504214021150344551144244541363615566613212324420612654552131346212465241315405051001246401533144622023011300431323602203566513102664641534545303450352612334345435664132043654252163206663202641361054505046430042341166505246
220 -121.09 3.60 141401432112052264450046065054502634646514150626610454436126245101142130630146551234521063534122235115356652201156544101120446645534101512130604335435312516106515564343640116160140322160005641646460205252054222205533221241330440110466353463241
230 -131.49 2.80 026645146405214105064450344263036046022064052541346353232515354521651120431501452211105023000440340261416426061101440665230225234453041604405112015255344356324046141040355521662431015555631115245454565654112006630611431552464320102224433015206
240 -149.52 1.40 406143431326650100221651251106205062540233461312055062012226002313543520265662660230265431153332566313135456521405060150615101053052426263232535545220544416425563364326260352611352455610340436554022342204414041226131646112154233614501655415521
250 -138.10 4.80 152301230212623204664632221021645506644631103135356261630043152433126363351543140065316404121000230505355324162542222236253425543331441253510404224221054524455062646640003402365411542542625433351211165040455226402243420405366124105513114535164
260 -141.53 2.00 365205515441540310515243062224552166515406555345135152555246212203540013405456511534042340666225143222654001133111310364325203156323434436026215605651421660233024316333015114214204526612643236633253463640452235354541111532155334202623236111562
270 -155.39 0.80 360623512566532611004404056261335646220435256130162461452531540032162105266630643544414340464252641244512061332516413264630151345345602513456443336230325134241341034605664413525213116235646663350603425312642511050562242662564251363526626251460
280 -143.60 1.60 521514354450363401650054400235100244532005302540664424131433411432302105462062330616601651363310425633513330416632610340164630206563533560422626652264160506121265354453125141214543344141001416410330411203140360220166556306165040243631616626252
290 -144.40 2.00 535453562156424201115641303033020442323131565263543546366441124601344414540603333011541632426501154156146440110140114120056163222206464540536245445530113166412155002121443450504154164022462534402410262406350004531265661420025052532066252265016
300 -136.72 1.60 556606021451452136056506324653665065356053302642210360614360323661406414265102435023604652226552201516224504140543563024151444122060144424434223534623334623542516542225335441206553305101410042650261156212321212050445216413046260563552335113522
