0 -467.58 -108.08 506203126555461462666412121232306554245445221456036646413006524056551101665561005131005004216015316126156453622035245064062114645463003525046030635004424155051636415615354214222306101101363024410201155605534621020445365010541601203232542643650
10 -71.81 -0.80 163400451456345031063324401552421452245046055334550335065504565655246465556330454022054604432045455430254433340521646260110116560664362656453316542465020163665611051143644015456022342254003642512421412654454650403012511605253335660110660452004
20 -10.52 3.60 663230522013320424204044132252632000121062054321021353116442342451464110422531650340205115545665436364306514545135661025335012130000135445106522653203152420016525625350154216342161312254003642512421412654454630413012511605454436010150660452004
30 -2.74 6.40 422352455462460021244424006412021435613166443320551353116442366022123102201125344421511163056201666614326514545135461025335012110020135445206526651131552520012525625650154216346154311404615362643441460624354650413012511605454436014110660452004
40 2.52 7.20 440625022462660021244424606412021465235026046334450325065562342451602012261246621264005115611200412311500463341536542114121223516451434612056626165131552520012525525554054616346154311404605362643451464624454650413012511605454436010110560452004
50 -0.59 7.20 440625022462660021244424606412021465235026056334450625565502361042123102203125244421505115641200412311504463341536542244121223516451434612056026160146552520012525225554154616346154341404605322643053466624454650413012521605454436010110560462004
60 2.93 7.60 640655022462400061244434006412021446035326056336452325065502366454602012221246621264005113661200412311500463344635642214621223565451142312156026115101532525012525523554154610046104316404605362643453466624454650413012532606454436014115560162004
70 -1.03 7.20 540625022462460024244424006412022445230016056534450321065502366042143106213125621264005113664200412311504463341536542154161223516451434612156126160131552520015525625554154646316150511404602365643453466220054650413012511601454436022120360452204
80 1.32 7.20 640655022462460023242466063412021465215426053334452325065502566042523102202014354425211162054601426364326563305635142214121223516451134612056124165101532525012525221634103516346154311404605032643452466624454151413412511101454466010512560452004
90 2.31 7.60 640655020462460023242036063412521465415426053134450065065502366042602012622646621244055115611543415614324513305635142214121223536451134314056126160101352520012520225154154016346151561404304354043356461624454650413012201605454135231110660454004
100 4.11 7.20 640225022462460023242466063412021465215426053434452325066202366042123032304146644421315115011543415611325563305535122214122223416451431613066226110101365521012615520234156614644154351404605332643453462604554650413012201605454135231110660455004
110 0.35 7.60 640655042462460023242466013412021465215426053334452425265542561654101002202054354524211166254005424364326563605635541214120223516451434612056626610101300525015515025234156516546054311404305362643450464624454101413012511103454466031110640454004
120 -0.87 7.20 646255022462010044242462063415032465235426053334550025065602264341143402424646621064056065254013415611324563305645140414123223516421432302000500350031552020012515025236356646362151311401304034643450464624454151433413511135654135231110640252004
130 1.29 7.60 660655142462460125246466063416001365215426013334452425265542456042123632305154302461315060144002435615326563502635123214121023416051425612013026130201552520012525605554154646364151312401304032643452464624455151453012201605454134231166665422204
140 4.02 8.00 660655142462664125246466063416001665235426033334460025065102264441144002424646621064056065254013615311324563305645140414133323516456434612051526560131552525012535655554154646364151311401304032543450464424454131410512361605450133531112560452001
150 -1.27 7.60 660655142462660125446466063416001465213425013334452423665542456042123632305116622461314231141002105615326533302655126214133223512050434612051526540136552320012523355554350646364154314604605032543450464424454151413512561605454133531112560652001
160 1.43 7.60 662655042455660125246166013416011165216422053333452325264652264341143402304641622461113261144005446601350063402635122111121023416456634512051526560031353050012335655554150242664151311401314032664432466226454131413512361605454133531112530352001
170 3.26 7.60 662655042455660125246266013416011165216222053633452325264652264341143402604636622261114000144002335165324563502635123214141023316446635612055566560331552540012435655504154440364151311401602032665452264124455150413012261145454306560512530352204
180 1.08 7.80 666655032402011025246566163465001465215442053333452325364352264341140402304651623461113261144004446605345063402606523211121243516436434612051526560031552520032235655554154440364151311401305335543153334124455154413512261105414130210612505466000
190 -1.97 9.80 660455042452445122244566663416011165216332053333452322264552264341240402304651622461113261144006446605345263402606523211621223516456014312054326561031552020012335655554152246361051311621602032665452264122455154413112432131454316040115660156101
200 0.82 10.20 660255022452440122534566663416211163266422053333456325560652234341142402304651622461113261144003446603345063402605123264350223516456014412541026561031532023232200655534154240364051311401305365543155304124455154413052261105414130210312505466000
210 6.00 12.00 660454452452445124244566663410641165216422553333452325264612264341133204534652602061115463144003245601345063402605122114121421416456632512201520560031332023012335655544154240064151311401305331543156331122455154413012501145654306016652505461050
220 3.34 14.20 660455032452445152244516663450142165206422053433452325264612264341133202303352622461113263144304245601341063102605122144124421414456602552054526564031552020012335655554152440361151341521623332543156330124455153413052214100654306010652535422214
230 6.71 18.80 660455052452445152244546663450141165206422043313452325264612264346133202304352625460113263144514446111241053404635122114641443515456414312051520066031332023022335655554152242042056111201365633243155334123155156413012263101415122150612502166000
240 9.99 20.00 660455452452445152214516663450141355206422054333452325264612264346133202506352625460113263546302245611341063404635122414641443515456214312051520066031632020012331655554152240364151311405305112543155324124155151453012263101415112150602535166020
250 4.01 24.20 000415052432445152244516663450141355206423054333452325264612204346133202304354625460116163150304243611341064102613122145124426403456602012053526564031052020012331655554152240364151311405355316655150324124155156413002262101415112125610500126050
260 8.53 20.40 666451052452445152243516663450141155206442054333452322261612264346154202104352620160113263140304245111341053302655122144124426414406602514053506554031252020012331655454102142364151311445305315514155324124155156413005262151415112125612500126050
270 -2.73 22.80 666451052452445152244516665450111150206455050150455325264615264346233202104155624464113263604304245611241063402655142144124621404446502542513552563035252410212335655540152240264151611405555315543155324424055156410010263101415112121622500142264
280 10.23 24.00 666451052452445112244516643431041155556422054313452225664615264345233202104552625064113363644304244611243063102655146142124226403446602612053526564041052020011321350554152240314153310455305615543155324424155556413062263165415112120412600146610
290 0.36 32.00 606451052452445134244516662450111150206422150123152523664615254342333206104555625460113223644304243611241065102655116142124226403246602012053510564041052020011331315554152240233151341405355315643155334424155155410010263105415112120622500143364
300 0.43 33.60 666453052452445132242546663450115150206422150123152524664605254346233202104552125464613233644304545611241163102605152142622226463453500552050605554331202020041335335554152240233151341405355315613151334024155155410010263105410112120622500143354
