0 -478.29 -168.44 045056466020254521263246112515356231016260455300251436526511622613413311563624301000653340223261244036026216411124205446636632234350423340022026552533300001510103035556353450415161512361426103206300512415504340023061610152442300601563020341412
10 -117.51 -6.60 625633345654206511501550563301013632452451056330362510221235054243504110620025665666313253014436314531343216314324006202103242106201144142600321604364110514145421453325546453453166310365036625135221444022563152266034612366343424534620353014163
20 -38.55 2.80 125611414300444063031213344125531511124351444031101205156012054243504350554562621512123442523246414531443216314324006222163242206601144622600321604364110512045421053325546453453566340604613146324253464223614565112503622005206116235522204602413
30 -12.32 3.00 525611414610144063035413344535531511124351444031101206156016054243504350555562621512123442523246414531443216314324006222163242206601124622620321604364310512005421453325642453453162640604613446324253464223635465112503622005206046235322204602613
40 -7.47 4.20 105111063335036441164243120424143423114020221434335503344000024524054351354462640512123442023246414530443216314324004221113242006201144022600321601364150514125421453355146453423162640604613446324053464223612565116533625605203116135322204602413
50 -0.06 5.00 105111063035016441102543520464133020114020221334335510344013024124050150354462640522103442023246414531443213314314005242164244501201145122600322601164150514125421453355146453253162240604613446324253464223612665152533652005206116235322203602413
60 -1.90 5.80 105511063325016441164243520464143423114020251404335502344000024322054350364662601015101442023246414533443216314334006222163234506201644122600351655344513514264421453355146453451122640604613446324253464223602565116533622005206116635622204602413
70 -0.27 6.60 105111062455456441564243102464143323114020250434335532344000024362054350354662631515103442023240413533543216314314006222163240506201643323500351651344513514164421453355156453451122640604643446324253424223612565126533622005206116631622202602413
80 0.33 7.20 105111063365016444102543520465133020114030221334335602344000024322050150354462640522105442054240414533443206315314006222163240536301643623601301655344512514164411433351156453451112640604613642124353424256616554116533622025206116235342004602413
90 3.19 8.80 105111063355453441564243242465143425114020251435335532344020021202054350350462542215103442023240413533513204314314005256163204504301144022101331505364510314625441463351156453456122640644643446354253424103612565226533222025206156235660204602413
100 1.78 11.20 101111063355456441102643505426142423104020250114335532344000023362054350354442644542101442030235013563513204314314015256163204104351144062101331605364510314625441453351156456451122640604643446321253424223025565126533222523506116235660204602413
110 0.07 11.20 101111063355456441101643505426142423104020250114335632344000023362054350354442644542101442030235013561443214314315005256113204066323144056001321605364513534564421450355056453451122640604643446354253424223425565126533222525506116235660205604213
120 -1.84 14.00 101111063356456440602541620464244021114621250164333612344100024322050154301462624542105442235005013561443214314314005256113204006301643623500351655344613514554421450355134463451122640604445446354253424223125565126533225025506116235660204602263
130 -6.24 13.60 101151263355456431402643505456142423104120250112335530344320023322050154354463644563105642035235013531443214310611005212163204506201653622500551655324613514564421452352156410451122640604643444354053624221420565126533222025606146235660204405214
140 7.10 16.00 101351063355452441151643505425142423104023265114335562354100421342054153350442642215105456035205313531443244314314005256663240556201643121500351651324613543561423450355126413356122642604643446354253424123425565126563222524506116235660204605213
150 5.07 16.40 121155063355456031402643505256142442104620220102335532344020023322054153354402643215102542235245013032443251030311003212163334405201663622503151655325613514561403450355152413356122642500643046354253424623425560126563222521506116235660604605513
160 -0.50 16.00 120155263353456435402641405456442443104120220104335532344020023322050100324442642215143542236243013031443254314312015253161204206201642223500651655310315364661404450355156413356223642554463446353356425225423565126533222525566165235660505605213
170 4.57 18.00 120155263453453431402543405426140443104110220102335522344020024322050504324044642215143542605243013061443254314312015266111204246201642243500651655310313513564423453355156253356222642404443440356256425225403565123513222525566662235450624605211
180 6.44 18.00 122155263153451431302543405656140033104120220104322532344021024122050504334044642215143542205203023061443254314212015244151204246201642243200651655310312513564423454355156253356222142404443440356256425225323565123513322624566662235650224605211
190 4.07 19.20 453454063365256431402643501255152443154420220104366032344020023322051126354442602265143542436243013031441152314312015256011244246201642513530651655310213315564423453355156253352222642404443446354236124523425565643513242525566262235650224605211
200 2.41 20.00 122155263653451431302543405656342443154420230124332542344422053322120501323342604612143502236243013031423254314212015256111103246406642213500451615310313503565423453355153253326222442404243440356256420220023264526533222525564162335620606305010
210 1.22 23.60 122455263653451431302544501255152443154124220104325122344020024323050514332044262215143540204643003061426254354312015216105005246300645243500641605310310513164346456355156253356222242404443450056252124523425565123513225525566262635650224605111
220 1.78 29.60 453254063320256135405643501255152443154120230103335632344020025042150204334044642622143542236243013031414254311012015256411103246406652215500451055320113500565423453355153253336222602406443640355056425225422565126533221525066265635653224605411
230 -0.89 28.00 653454623225256133405633501245652443154120230100535632344020043362150504534452602255113542416243013231513224314302015206141005246200605243500651656110224503544423456155356253356222242404443650356256325223423565123555502525523262235460535645213
240 12.15 28.40 653454043321256124405643101255153443154120230101135632344020023462150614334043644400143122236223663031243356314312015056141404266201202240610651635310313504164303456355556253356222542404443650356256325223413515123555522525523262235460535645213
250 11.09 27.80 453454023222656133435633101255652423152125230104035632343021023552656344354024641000143522236243663031443356614314015666112005246000645313500651655316244513554423656354156253356222142404443650356256325223433565023255522525523262235060535645213
260 -4.03 29.20 653454063321252124405603111256652440154423200104335632344020023462150614330043644440163122266243663031541346314352015066145002045200645003500651655315244513544453156354355252356222242044442656356256325223423505325513102525466266033655224603261
270 13.62 30.60 456424023225256233402633501245352460354130200104335632343620323362110524334043641405343542416442663031243346314052011466311005246200645613500651353315446011543413355354156243321222245122443650356256225223423565126513202525266266233650224603260
280 11.30 35.20 456444023225256233402632501245655443154120240105365632314020023462150612330043644403143122236243663031244346314352015066111025256200245410150651355312244513040423154354156253326222245124443650356256205223425165126513202625266250235650124665011
290 5.09 34.60 452454023125256233405633501255255444155120200106335612354020223462150135330026624403144122236243663031243336313052015066111005246200645613500652353315441511542403355054156253321222245122543650356252225223022165126513212625266650235650124665311
300 9.45 34.80 456454023025656233405633501215255440154120240105365662314020023462153610310026624403143522236343111531232346244612015063045005045505625003500621355315146513040423156354156253366222245324443650356356225223425162126313202615266250235650124665001
