0 -455.42 -76.96 103456245014020050454565325215460433025543551624023312266646320252111414202513015221001354022232112156306324164205664164431422001564635251052016240154304613212100364644161451226051512132031652410030011400050623054233136665232111633652522152004
10 -108.25 0.20 215356235005666532110021043404354551301312421005505053006563654421224036161545614262105453240334414616032610460605115323502556521205553402564322605601033645445230414635610662204445522642363623612230245453442110163605401242652045154306363611353
20 -12.32 5.80 115365122353542221321006255453263061165632201221515531625002611253246530411641614261105450205164264635263253232416124215566056521205553412564362600653033646465230414532250662350222043602663623612620345453342106644454333610132426312141236444232
30 -7.91 6.80 315365122353306155301506601663244054200161446152044201254202611253223536422545613262131015013455264163005533026421666143403515146625634355265455054366032541051360260216251331223260052620663623655230345450422106664654333610532226312141236341252
40 -5.69 6.80 312315123453226105445221252453065223056435111261043401462552165151224030466641614361225052250666214663065535345462031134553346132604045006336313034366062611051442131456454321323350052262040435211220342453252166624114333656122421312141136441232
50 -9.06 8.40 121226242255426112301541001663241654203114443442044501154202124051224040466641614301225052450226264613055535322406015143453015156625634104265452334366062611051442130456353324023250052642040255210220213453252106630454333636522626002141134444342
60 0.20 12.20 345345122455226105462221031163250050254101443115443301462522165151224030466641114264102013602302202645005133426451412313663046100116425304263452324356066611051442130336434355221252052143040255210220242653252306530454333651522626302141131644142
70 -2.91 16.80 345613222443226165462202021163250064203401463145414501464212311055250530466644014361323012350666163665025233426325215101403010156635634104633611300530062611251442133456454321323050053212040255212220252653252156644154133656122404412141132344205
80 -4.23 17.20 415055322253426111302223051164350024203401446365624226261200124046246560401641134240604015244666242611005511321425652644403050155635634154365450156266012111225442330455251355352250152222530055212220262653253104644164153666122400412141136444240
90 2.31 22.80 115350120443022165462203031063350054204401443141663205444202363055250430466641454222605052310666102644015232423351111303623046130116404100643052130566042111235442130155251355232250162622560155212220202653252163064154656666125405422121032024235
100 -0.15 29.00 115351124436226165452102031163250454203401443145444501004202363055250030401641414210605052340606642641003516321151111303613046130136334100643052135560042353255562130125251255322250160602560055202221252223250135044154656665125415422141032424235
110 -0.11 28.40 125350150445022165262202031163255054113406441105454201542522541255250530466641454026605112354022104623564545321151111333613046100636404100643002400460032323255462135421251255422250160602560105202421256623250135044155655646125455422141032424233
120 11.56 36.40 315350122440226023453002034143352053253411460515504551444206643052250210062663454226405166356042104523564545361151111303613046632136404500644032530560042353455562160225250251325250160102660155632220252651352134444150156666625505412141032424645
130 3.89 34.40 115353122440226063151002052033350064255461441645643501504202463165251360456641254210605052340106653663624533120424211253613046430126404500613002130320040153255561225425351255422250163302660155632220250651252132044150155606165616422141446324432
140 2.92 38.40 116353122425226265411002052043350054254465366145244501551524343625250300256641254011353662005356153663034533021654116303636046650136333600643502130310040153265562232425254255322252366352565055622220252621255633044135355600145416422111436321205
150 9.99 45.40 111356612405226255415402141653340154655431646145634502552524545051551366456641214110605051340351153361154233021614114603616046650030034100645352030430640153255564115625256251424251242632565155232233222601252131044150256336565565413121131424055
160 -0.97 51.20 112336612403226255415402642653350156205465456145654441544534445151625030405341434210645043340301113313141533021161024601616046600030034100642302130310103343225562655420251255222250246602565250222220251661052134041113245626051415413156131434133
170 7.70 48.40 615350412402220256415452042651350154255463444545341000152524505556005044064140166215135451340306604623664545456356111603611046650140036100652302100313044253655164615225256255222250602102460105232220256301252144054553265166123646442141536364133
180 -5.11 52.80 105366612443626450315404042653350154255466446340434101516524515156011034346120454355053652050221113313154005661151024603666246660030034110665302230311144133225562155620254055321250540343505155262223254653256134041153565626021455432121636435555
190 11.20 52.00 264356612413626250312432641453350134655360646340432101526324542156035034356642454210605003301301153113454543251355112200656040630646253120252064030311144133225562105620254251321250540343501155262224454653256034046153365626021455432111636035513
200 17.23 60.20 055353114600220222165032142656350154255665460341034201526324542156035444156640304354053654050226114313154636665151024603266041635541433020252204044314245343225561155620251255156252365342505155252220254654054134033153161622023405410551532364133
210 4.78 60.40 011353152100224224452412542652350154255265410045606026153554042041251066156640404354054654050526601063656530001651001105651250650032034110665302260301144103225562155660244050250250560241206155464250255631252111044653142126521410412121601336131
220 1.05 69.60 011356651106224224452412242053350154255661410351144213103524042021051066156650304354135051205662111306164533053662102155651202420030423520250222030310144433225562055520250250321254640265203155062254252650253161040656156333051410412551531364131
230 19.73 62.80 111356432344624224466432042153350151255365455045606036153524042166025444164040460314135150234252214313134635400654102105351250610032004110655405035210244033422566155620254250322254540146206155160210256650253161040643115304023135411500522024333
240 21.69 70.40 011350101445224214452414312655350254255465015341636301566054242031061066156263304356053050365304661000456143251132124364661050556030423526250222032310146433225566052620254250321250640235203155666250255651252366026653115314063135411254332351433
250 30.54 87.40 611356051020225240452414012656356054251160155145633103605454522166025443164040354353055056365301666006456145460446152124043250651030423520250422030310642433215564156620354240322252640265230255562152253650653161240624116304023532415501542043133
260 36.45 121.80 116356051001126251402464342656350254251162155545632103106464242045056506120665304356031050365362610613134635400433053205351200651032423010232542262341344502015266655120020255312253341445205155612250254250053151040213111364041315421601624400213
270 52.39 153.40 654356036600325222450113052656350254251163435335633105123461242451051506156620304356035656263301614304164513602651152104305243656052434150031540454413344502025156155623250250341252340235403151532254251650053561040024111544223435412011325000633
280 62.30 153.60 654356356600326120450113042656350254251163455335633100123462232401061506163120304356115046363301604304464513603650152104305244356052034150231540404311143102025566150556250254341252644235403151535250254250252151040024111504043135411501626402613
290 80.94 186.40 654356056600320220450113002656350252655163452335633005310456262166051506156220204354056056363301606304154511602151152104105243650630034156031240454312144102120536155532050254341252341214465153510252251650253501220214131304463536312011325050633
300 99.95 192.08 655356056660320220450113042656350252654163552335433005313456262162051506456620204354056056363303606304164514602151152164105560130603034156031240254312144142300536155532550254341252042265413151554252251630253561240214121304463556312016664000223
