0 -457.49 -16.44 116004601650662363141030631454660324004640201154166016606004636230550303041446433056655131206556662324643200145210546314021336212661544662646226562153033366102644331445524043436406450252546551035012204142001102033543042516454126114114541655316
10 -86.22 6.00 005016513421120641201222164063321565152125445533460116250152620656053250630200461014000256062006204223223545343060413521452641123644435352106350010554241525530506263520442614222225161315614532163542046466023165216154251454504261360223640640035
20 -0.97 9.40 146222052442441244534055600643624152161521450642520121613602305003023146342424306532530666562234265064524004605340405543064215204524003016004160120246203156315366133015645252043656301021112244513150226433112426150505151611532221323132356314225
30 -3.02 9.80 046222052442441244534055600643624152161561450642520121623602305003323146342424306532530666562234265064524004605340406543064215204524003016004160125246203156315362133015635252043456301021112244513150226433112426150505151611532221323132356314225
40 1.99 12.40 046222052442441244534055600643624152161521450642520121613602345003023146342424306532540666562234265064524004605340406543564215204524003016004160120246203156315362133015645252043356301021112244513150226433256026150505156164160433222640306160043
50 6.65 14.20 146222052452441244534055600643624152161561450642520121613602305003023146342444306532530636562234265064524004605340405543064215204524003016004160120246203156315366133015645252043443305021112244515150226433156046026633255554525240323132356314243
60 3.51 15.20 146222052442441244534055600643624152161561450642520121613602305203023146342424306532530666562233265064524004605340406543064215204024003016004160120246203156315362133010045252043456301021112244513150226433156046026633255554525240323132356316225
70 3.74 14.00 146222052442441244534055600643624152166561450642520121613602305003023146342424306532530636562232265064524404605440406543564215204524001016004160120236203156315316133015145252043456301521112244533150246433056046026633255554525240323132356314225
80 9.10 14.40 146222052442441244534055600643624152166561450642320121613602305003023146342424306536530636562232265064524004605340406543564215204524003016004160120236203156315316133015145252043456301021012244413150226333156046026333255554525246323132356314225
90 8.83 13.60 146222052442441244534055600645624152166551450642520121613602365003023156142424306532530636562232265064524004605340106543564215204524003016004160122246203156315316133015145252443456301021012244413150226333156046026333255554525230323132356314225
100 6.82 14.00 146222052442441244534055600643624152166561450642520121613602365003023146142424306532530636562232265064524004605340406543564215204524004016004160020236203156315316133015345262043456301221112244533150226333156046426633255554525240323132300316225
110 7.43 13.20 146222052442441244534025600143624152161561450642520111613602305203023146342424406532530636562232265004524004605140406543564215204524003016034110120236203156315362133015125252063456306521112244533150326433156046026633255554525140353132356314225
120 8.90 13.60 146222052442441244534055600645624152166561450642520121613602365003023146342424406532530636562232265004524004605340406543564215204524044016004160150236203156315316123015145252043456301521112344533150226333156046426033255554525110353132356314225
130 4.24 12.00 146222052442441244534055600645623152166561450642520121613602365003023146342424446532530636512232265004524004602140406543564215204524003016004110120236203156345316133015345252043456301521112244533150226333156046426633255554525240323132356314225
140 5.20 13.60 646222052442441244534055600644623152161561450642520121613432305003023146342324306532530636562232265404524004605640406543564215204524003016004160120236203156315316123015145252063356306521112344533150226433156046025633255554525110353132356314225
150 7.84 15.20 646222052442441244534055600645623152166561450642520121613402005003023146342424306532530636562235365004524004602140406543564215204524003066004110120036201156315316133065155252063356304521112244533150326433156046626533225554525240323132356314225
160 9.47 21.20 146222052340411244534055650645623152111561450642520121613402365003023146342424306132530636562532265004524304605140406543564215204524003016004110120036201156315316133065155252063456306521112244533150326433136046426033255554525110353136356314225
170 13.73 22.40 646232052442441244534055600645623152166561150042520121613402305003033146342424306132530636562242265404524014605640406543564215204554003016004160125036201156315316133065155252063456306521114242533150346433156046026533225554525240323132356314225
180 14.49 24.00 146202052442441144534055650645623152166561150642620121646602305003033136342424306532530636562232265404524014605640406543564215304522603016004114120036201156314316133065155252063456306521112244533150326433156046426033255550525110353132326314225
190 14.55 24.00 146202052442441144534055650645623152166561150642520165646602302003033146342424306112530636562242265404524014602110406543564215204524003056004110120036202156315316133065115252063456306521113242533155326433154046026633655554524100353132356314225
200 13.55 23.60 146202052452441144534055650645623152166561150642520121646602305003033143342424306132530636562242261404524014605140406543564215204554003056004110120036202156315316133055155252063056306521112245563155326433156046026633255554525126353132356314225
210 17.15 24.40 146602052442461144534035650645623152166561150642520121646602335003433146342424306132530636562242261404524011605140406543564215204524003056004110120136251156315316133065155252063156306521112245563150346433154046026633255544525120353132356314225
220 17.89 25.20 146202052442441144534055600645623152166561150642520121646602305403033146302404306532530636562242261404524014605640406543564215204524003056004110120036202156315316133055155252063156306521412245563155326433154040026633655554525114353132356314220
230 17.14 27.60 146242052442441144534055650645623152166561150642520121646642315003033146342322306132530636562242261404524014605640401543564215204524003056004134120136251156315316133065155252063156306523132245563150546433154046026633255553525120353136356314225
240 14.58 24.40 146202052442461144534055650645623152166561150642520121546642305003033146342424306132530636562242261404524014605640406543564215204524003016104110120216251150315316133065155052063356306523132245563150546433154046026633255553525120353132356314225
250 14.26 26.00 146202052442341146534655650646623152160561150642520121546642305003033146342424406132530636562242225154524014605140406543564215204524003016104110120216251150315316133155155252063156306523332245563150546433354646020633255553525120353132356314225
260 14.80 25.60 146242052442441134534055650645623152166561150642620121646642305043433146324424306132130636562242225154524014605140406543564215204524003016104110120026201150315316133065155252063156406023132245563150326433156046026633255554525120353132356314225
270 15.21 24.80 146202053442441144534255650645623152166561150632620521646640305053433146342424306132530636562242261404526014605140406543564215204424003056004134120136351156115316133065155252063156406023132245563150326433056046026633255553525120323132356312225
280 16.99 23.60 146242052442441144534055650645623152166561150642520125446602305403023146324424306132530636562242661404524014605640406543564215204524003026104360120216252156315316133155155252063156406023132245563150326436116046026633255553525120353132356314225
290 13.62 24.40 146242052442441144534055650645623152166561130645620521446606305101023146322424306132530636552242261404524014605640406543562215204524003011104110120216251150313316133065155452063156306523112245563152326433156046026633255553525120353132556314225
300 14.58 26.00 146242053442441144536055650645623162166561150642620121646642305043023146342424306132530636562242661404524014605640506543564215304524003016104110120216252156315316133155155252065156406023132245563150546433154636020633255553525120353132356012225
