0 -435.42 -76.00 216310241046204163050314334026300303522450165411643511232314401123453403104502136625503026163015252642220046330053126142156463306304545255141515301321263213561534321106352555206130063013634040320054062130300234420104453043505214652652041215210
10 -37.90 2.80 132540430660260404105134402100135641203253004613435032023433522610032533236041261334561344322005234255210005513034024360364015654611106506603635541216122256416323501534641004536516350502214546624446330162416366002463561433160046042236425261064
20 -5.84 2.80 132540430060260404105134402100135641203253004613435032023433534131142266133430253260531445332145402524310005544563101662051253450503065403140656342261015030054232564534443366314153554502214546624446330162416366002463561433460046042236425261420
30 -1.05 3.20 132540430660260404105134402100135645203253004613435032023433534131102216133430263460531445332145402424310005544563101662051263450503065403140656342261015030055232524534443366314153550502214546624446340162416366002463561433164046042236425261410
40 0.23 3.60 132540430660260404105134531012036415420253004613435032023433534131102216133430263460531445332145402424310005544563101622051253450503065403140656342261015030055232524534443466314453550506214546624446330162416366002463561433160046042236425261410
50 0.65 3.60 132540430660260404105134531012036415420253004613431032023433534131102216133430263460531445332145402424310005544563101662051253450503065403140656342251315030025232524534443366314453550506214546624446330162416366002463561433160046042236425261410
60 -1.50 3.60 132540430660260404105136402104135415203253004613435032665202534141142216133430263460531445332145402424310005544563101662051253450503065403140656342261315030055232524534443466314403550502214546624446340162411366002463561433160046042236415261410
70 -0.48 3.60 132541430660260404105534431012036415203253004615435032023433634131102216133430263460531545335145402424310005544563101662051653450503065403140256342261315030055230524531423366314453550502214546624446360152416366002463561433160016042236415261410
80 1.50 4.80 132541430660260404105534431012034415203253004613435032641202534141142216133450263460031445330145402424310005544563101662056253450503065403146656342261365030055232524531443466314453550502214546624446340142416366002463561433160546002236425261420
90 1.03 4.80 332540430660223043036255531012036405120253004615435032023433634131102216533430263460531445330145402424310005544563101162051653450503064403140656342261315030055232524544443366314453550506216546624456340162416366002463561433160046042236425261420
100 1.33 5.60 332540423620023043036255531012036414203253001613435032653202534141142226133450263460031445330145402424310005544563141662056252450103065403140656342161515030055232524531443366314454250502214546624456340162406366002463561433160046042236425261420
110 0.53 5.20 332540430660023043036255533010036415203253001613435032653202534141142226133450263460031445330145402424310005544523101662056253450503065403140636342461315030055232564534403366314453550504216546624456340162416366002463561433160046042236425261440
120 2.49 4.40 132543455660260464103165631012036415203253001613435032653202534141142226133450263460031445330145402424310005544563141562056252450103065403140256342461315030055232524531443366314454550502214546634456340162416366002463561433160046042236425261440
130 1.97 5.60 132640455660260404105134532010036415203253001613435032653202534141142226133450263460011445330145402424310005544263101162051653450503065403140636342461315060055232564534443366304453550504216546634456340162416366102463561433160046042236425261410
140 1.95 5.40 332540455660260464105134531012036415203253001613435022023433634131142226133450263460031045330105402424310005544263101162051653450503065403140636342461315060055232564534443366514453550502214546024436340162414366002463561433560046042236425061440
150 3.08 6.00 332543455660260464105134535012036414203251001613435032653202534131142226133450463463031445330145405422610005544523001162056653450503065403140256342261515030055232524531443366315453550106216540624456340162416366002463561433160066042236425061440
160 2.89 6.00 332543455660260464105134535012036414203251001613435032653202534131142226133450263460231445330145402426310005544523101162051653450503055403140256362461315060055232564531443366314453550106216540624456341162416306002463561433160066042232425261440
170 3.17 6.40 332563455662260464103165631012036415203213004613435032023431634131142216533450203463031445630145405422610005544523101666056056450503065403160256322261315030055232564534443366304453550504215546634456340162416066202463561433160046042236425061440
180 3.18 6.00 332543455662260464103165631012036415303213001613435032653202534131142216133450263410031445330145405422610005514523101662056056450503065503140236342461315030055232564534443366304453550504215546634456340162416066202463561433160046022236425261460
190 3.73 6.80 332563455662260464123165631012036415203213004613435032223431634131142226133420263410031445330045405422610005544523101162051653450504065403140256342261315030055232524534453366304453550504212546634456340162416066002463561433160046042236425261460
200 4.07 7.60 352543455660260565105134535015032415203253001613635032626431624131142216533450263460231445630145425422510025544523111662056056453503065403140256342261315030055232524534453366304453550504212546634456340162416066002463561433160046042536425164466
210 4.24 7.60 332563455662260464123165631012036415203213004613435032023431634131142226133420263460031445330045405422610005544523101162051653450504065443140256342261315030055232524534453366304453550606216546624456340162416066202463561433160046042536425164460
220 4.11 7.20 352543455662200464103165631012036415200251051043435032653202534131142226133450463414031445330045405422610005644523101662051653450504065403146250342261315030055232524534453366304453550504212546634456340162416066002463561433160046042256425261460
230 3.75 7.60 332563445662260464103165631012036415200252051043435032653202534131142226433420263410031445310045405422610025544523111662056056450504025403140256342261315030055232524534553366304453550504212546634456340162416066002463561433160046042236426261460
240 2.56 6.80 351543455660260664103165631012036415200151051043435032023431634131142226503420263210031445330044405422510025544523111662056056450503065403140256342261315032055212524534453366324453550504212546634456340162434066002463561433160046042236425261460
250 4.80 6.80 352543455662260464103165631014032415203213004613435032652202534131144226433420263410031445310045405424010025504623111662056056450503065403140256342261315030055232524534453366324443550504212546634456340162416066002463566403160046042236425261462
260 4.99 7.20 332563445662260464103165631012036415203253001613435032652202534131112226433420260410031445330045405422610025504523111662056056450503065403140256342261315032055212524534453366324453550504212546634456340162456066002463561433161446542236425261460
270 4.86 7.20 352543445662260464103165631016036415203253001613435032043431633131142256133420263410031445330045405422010025504623111662056056450503065403140256342251315032055212524534453366324453550504412546634456340162456066002463561433161446542236425261460
280 4.86 8.00 352543445652260464103565631016036415203253001613435032023202534141144226433420261410031445310045405422010025504524112662056056450503065403140256342261315032055212524534453366324453550104212546634456340162456066002463561433161446542266425261460
290 4.98 7.20 352543455662260464103165631016036411203213004613435032643431633131142256133420263410031445330045405422610025504623111663056056450500065403140256342261315032255212564534453366324453550104212546634456340162456066002463561433161446042246423261460
300 5.07 8.00 352543455662260464103165631016036415203251001613435032652202534141144226433420261410031445330045405420610025504623111662056056450501065403140256342261315032255212564534453366324453550204212546634456340162456066002463565433160046042266423261465
