0 -434.39 -94.08 360032230004542122252524460214045656645551604401012360516262034405331201531000400514602600060521364644343640251516514444420331424306346364154411356210511144063154401025501632203063403240263420363033002454350063054343661041115422166526242522616
10 -136.71 -19.40 302625604023005063523155554162601645203660410052335455341325424621614650412131230646655636504521221355116542441315215621242603105453400432004401062535115505244153163614345525152526020105053151452441200450155215154235304651356603266226603260024
20 -26.66 8.00 565226401114336650224236320261021443036532063305406155166113460524313064316055015625054046266346424560055432445352422432013403645115616550533020663120662646165435161411350111455156520105053151452441250450155214443321162461656303426226603260024
30 3.07 9.60 165355455645635055652053002522554015622542063365406152166113460524313053006055010635051046266346420560315110321351000200013443653232544463545420663120662646165436261406450111455556020105050151452461250450155214443321162461656103426026603260023
40 2.99 8.80 165315455645655025652353320261021443036512053355406155166113460524313064316455015625054046266446424560055432345352422432651210645152643364615653452642306201165436161311450111455406020105050151152441250450155214443321142551366403266226643360023
50 -1.76 10.00 162355455645635055602053123211031443636542063305406454166661464224313065316555030625050046266345424560055160321351000260013401635115526550615653452642346141165036261431450111425156520505552123452141250450055210124235304651356603226226613260023
60 0.58 10.00 665315454435635052602353003121041443036532220325406155116111353144313064016055010625051046261045426500055100311351000200013403045115616541533420613224662601165436362411450413455106520205052151402444250450155210124535604551356402266226603360022
70 -3.19 9.60 065325455645635055452353003121041643034232620345406155166160436524345064316155030105053046366344426560054100321352622441051256645152446364365650212202341241465033261301350111425166520505552123450141250450155210124235604554356403266426643360023
80 1.74 10.40 662315454415635052652353003321551443036532620315406155166160466524313064316115020105051046266344326560055100311352222431051256641152446364325650612602346441165056260431450111426106520505552123452141250450155210120235604551356403566226643360053
90 3.15 14.00 662345354415635052646353103121045453033535420315444555116101353140313564310055026625051046362345020560653252145352422431051261655152446364615254612602346241165436364461450110425156530505552123452151250450155210620235604551656403266226643360023
100 3.91 13.60 666435453535635052452353003121143255054212620315406155166110466542353064326155010645052063362344462560055252145352622431051251655552446364615250612602346321165436564461050110225155520565652163450151240410155610124235544551452406066226603360053
110 8.47 17.40 061355454645635052432353005121143255054212620315406255161110466642313264326155014645552063362341460560055252145152422431051251635152441364615050612600346241165426364461400630425256530505552123462151250432155212524235544551452406066226603461023
120 3.97 21.20 065355434445635122452351003121113255054212620315444355116101353144313661016425040625051063362324460560055242164352625632051231045150643364135153452602406241665436364461450110425256530505552123452151250632153210104235544551452306066226603260023
130 8.55 22.60 661355454605635152452351053121113235054212620315444555116101353144612661056425040625051063362364420560055252164352623661051251155252443324135255452605326241165456360261250110425256533505552123564153250432155222162235504651352406466226613360053
140 10.81 27.40 161255454605635102452351053126113255054212620315206255166210466342313264323155040635051043362324460060055252164352622661021251655152443165135643452605326541165426365261250110425256521505552153462103250432155222120235504550352406466226113364023
150 13.95 36.00 461355454655635052412353005111140255054212650365444555116501426642315264326655440655051023362324460060055242164322622661021251255152443165135643452605323541665425365201250110425236301505552153464153250432155222122235304551352406466256112360453
160 7.62 38.20 461355454646615052462355543321112255051212120365444155116501466642315264326655040655051023362324460560055242164352622661011251655152443364435143452605326541165426365213050110425254511505552153662156250432155220122235504551352406466246113364653
170 7.99 39.12 601355454646625052462353543123112255011212624365444555116501466642315264326655040655051023362324440660055262160355622666121251655152443664135643452605306241165423355161050110425256521535552153462153250432155224124535204551302406064216603250450
180 18.08 39.20 631355454646625056462353043121612255051212220363454551146601462640316264322661044655051023362324460260045242164352622661121251465452443364135643352600326540135420355211250010425256530605512131464154250432155222124235304552352406016216602340450
190 13.42 45.60 661350454646625056462653555111111255053212620305444555116501466641316264322661044655051023362324460260045242164352624261121261655150063664135643462600326241115426455361255110422256530602512051464153250432153222124231204521352406046216616250451
200 19.63 46.60 464352454655623052442353005111145255154212650265341555116501463642316264326155044655051023362324420260045242164352624261121251655150563664135663452600426243115426454261250110425256521405556153412353250432155223120235214551652406066216643550455
210 13.69 45.40 631351454346625056465653555111111155010212624365244554113501463662316264326155044655050023330223660460045222164352652661121250611152444364135643452600304241115456352261250510422256514105256151462351250532150242121135004551322406246215602360453
220 18.23 46.40 651355454340625056465653555111111355110212624365243514116501463642316264326105044655051004164324460260045562160352622661121251655152133343135643452660326240135420355211250110425256543605510151464154250432155022424233304451322406066516603556455
230 16.37 57.40 651355454243625056465653551111112155040012624363445555126021163642316264326365644655053004164324462261545262160352624661121251611152454364535643452600504231135420355212250130425356542605556154262153254402155222520236004451322404066216603462454
240 8.78 50.60 652355455440225056465654555111111155015611624365262555116501441342345264326155046053051004162324460460055222664354652661121651635654440364135643452600326351613436352262250614442256014105256351452151250432355223520235102555352406066266603252455
250 24.71 67.00 653355456346325056465153555116151155410211624365262555116001142342345264326355046053051404166324460264045231160352622121421251055152123365345453454605106240135120355216054160422256543605555153662153253432155222510235004051352466060216634660451
260 26.88 62.40 652356454346325056365654515151416155015621624325262554116501441342345061423261010655051004164323410260045222666360655664121051652604443364345453452660504331125422352262250114423256064105256151452351250432250442151105462453352006066216603233455
270 21.00 62.80 653352134046325056365654555151116155615321624665262554116501441342343204326155046053051004464024460260045231160354612664121051652152123365345453054605504231115466352264250154425256114105256151452151250432250444151105465553352006066216635656411
280 34.40 62.00 655355454350325056365654555151116155015621224365462553116505441322343264326154046053051004164314460265045531160352612654151251452664443364135542452600504231145420352261553214425256503605556153262153253432155222510236004551322604366215603232405
290 18.04 63.60 655356454350325056265054555151216155015621224365462554116501441342345064423361010653051004164324460260040431160352612654251051452664443365335453452660544231115466352262050114125256064310254151652153253442250444151105465553353046063215603432453
300 25.93 66.80 655355454363325056365655553153116155215621424665262554110604441332444264326655241053051005066324410260545531160352612614421051603644414360115542152605504241045420352261250354425251113155256151452156050432250442121105402151652046063265603232403
310 28.89 72.40 655355424350321056365654555153116155115620424360462453116545451322544264366155046053051004164322460060345231135652612643125452005615441135043653144605104241044420351261253255535256024155256151262153253444350444131105402051352043066215623232054
320 37.72 80.20 656355454150355036365154655151116155215621424665262531115504441342544264366655006053051604164324160260045251164352512643120252055615441664135542452600502141045466652264250154415251113055256151450151250534256444121105402551302604066616035651455
330 34.69 84.20 655452454350355056365654655151116155215621424625262531115504441342544261366155046053051004164024462160045031160352612643020602005605421664135542452600504141045466052264250154425251113055206151452151250434256444121205402551302004066616035656255
340 44.68 143.80 650355454354355055365654655151163155255601424655262501115554041352544261346155046053056004164024462160505231164362614643123202005152114365235042452600204201045056652264230155415251116155226151453155252332250445121100405051352036666216035656444
350 61.53 138.40 650355054350355066325654655251113155255621424665162564610504441344554264366255056053056004164424460160045231060351612043120222001152114364230542452600204201045056652264250654424351164155256151252151250432250444121105402551342054356216035656355
360 87.24 157.80 650353056350355056365654635151113155255621524665262531155504401301064264366155141053054004164024443460065231160353412643120251005152614365235042452662202201045056652264250654425251164155256151152151250432253446121105032051342035356216035656355
370 75.67 155.44 650355051350355056365614615151163156255621424663262531145504401301024264366155143053054004164024443460065200160353412643120251005152611365235042452632202201055056652264050654425251164155551151632151250402650444124101402551352013046311033656255
380 102.07 158.60 654253434350355056315654615151166155255621524635262531145504403301064254366155151053054004224024443460065231160351412643122251005655114366235042452600204430042456652264240655124251664155250151152151250432250446131001404531352043346311035656155
390 103.45 166.60 650353034350355056315654615151166155252621524635262531145504403301064204366155151053054004224024443460065031160652612043120251005652614365105042452602202501240056651264250654426251164155256151152151256432250446130105002551352011040313035656355
400 87.52 165.60 650355351350355052365634655152162155255621523611465531145534402342544460366125041053051004164064163660015233660652622343120251005152614365235045452606202201042400656464250654124251166156156151162156256230250646150105202551352013346311135656155
410 107.02 194.60 656355054050355052365634650152163155255651123610462531145634401342544460366125121053054004124024463660006231660652606044121256005355614315105042455602202401642036251360252604425251163156156151622151150132250444104154402650353303505346035616315
420 125.89 221.20 655355051350355066366414215151164155255621523615162231143634401342344460166115101053054004124024463660043233665652612064121256005355654365105042452602202401042636551360252653325251144156536154112151256430253442124151606550352011140313630656155
430 114.80 200.60 650355051350355066360414210151164155155621523615462531145634401342245460166125121053050004024020613610043231664651612024121251005355654361305042452610605401042036251665250053325251144116521151312151256460253442124151606550353011540313630656155
440 129.13 195.16 650555055350356066360404315153161155015621523615432531045633401346544360106125141050054004324024563000443233665652612064121256005355614365105042452200605401042012251264250653321251644156121151112251250133253444124151606550352012140353632656155
450 134.24 198.00 655355051356356066360404315153164155055621524615462531045034401342544460166125141053054004331024462610043231650652612064121251005355614360105642456200605401042016550664250653321251644156131151312151650432250412124103462550351043340313035656305
460 130.20 204.60 650355055350356065360504315153161155155621323615461531045634605242344440306125120055050000026024463610043231654652614064121251002355610360605642350200605401036036051664250653325251164156021151156151655632250442124103400530651303355414035612315
470 131.16 217.60 650355051350356025360504315152161155055221563615562561042634401342344400366125621053050004044004213610145231652652615064121255005355414365105012402200605401042036251664250053361241144156122151151151650632250442124463402504323303305344055652125
480 146.08 216.40 650355055352356065301514115153161155055621323645460531045434401242304240306125120056050000024023463600042221654652612064106251005355644365205052452200605401042036251663250652521051141156122151151151650632250442124103402550351044343314035612345
490 150.48 229.20 650355055355356625350504310152161055055621323655461511045634605241344040306025621053050054024020463610145211652652615064151651060355611361165042452200605401642036201660251652303251132526325151152151650632250442124103402530653303355544034612345
500 141.98 234.00 650355055353356025350504115153161353155621323611461561045634605241344040306124141054050056321020463610113211652652612064101245002355014065302042456200605401042023251661250656321251141156121156152151650656250412124003362530353303505416235611215
510 145.21 226.20 650355055353356025150504115153161353155621323611461561045634605241344050306124141054050056421050463610114211650652612065106251005655644265225052252402601401042034250660251651623251144356021155122101650632250342124003202550453143325413635162625
520 165.49 243.32 653355055353356025350504111153161152152620323611461561045634623241341040306124141044050056321020463610113211652052612064501245002305014305202044456203602301342036250623250653663251643050142151153151100632250442044103362550343603343314035612345
530 176.12 268.80 653355050356356025350504125153160156155621323615461561035636655251324040300124145254050053024003063610042231650652612064051221045343644325205652452200606401042023251650251603623252144354021155122151650436250241044103432510256303555464235652125
540 181.55 267.20 653355050356356025350504115153166156155651323630461561045606605251624040300124145054050055024003063610042231650652612064051221045343644055005642452200606301036036252660255653623251144356021105122251650332250342124203162550351034343314035613345
550 165.92 268.20 653355050356356025350504115153166156155651323630461561045606605251624040300024145054050056324623063600044231650642612064051221045243144025205652452200606401022023051660250651623251144354021155122151650332250111344103252510255303505404235252125
560 183.45 264.40 653355050356356025650504121153164135155621326615461561045606005251344040630124145050050053024003063610041431650050612064051201443345544325205452356260605301336136252660255253623251144056020155122151650430250142124203435555256343504414265252125
570 190.44 296.00 653350051356356025350504155153166156155651323630461561045636655254324040630124140050050051024003063610042231650655410064051221005343644225205652452500606441022023251663050651623251434354011156522151650332250142124203435555256343505214260252125
580 219.70 318.60 651350051356356022330004115153166156155151123630461521051656655251324040306124143050055051354003063600042230350052606064051241065343144225255652452200606401022023254656251651623255134354521156523151650332050141344103232510255603535063665212125
590 227.76 331.80 653350051366656025355304115153166156155151123630361521051656655251324040610124144050055051354023063310042230650052616004051221045343543305205651402350506405051023254656351655623255134354521156523151650136250141354103202210256343501214260252125
600 237.08 319.20 651350051353356022355304112153166156155151123630341521051656655252324120306424145050055051354003063310042200650252616004251221045343543305205651402350566401051023254656051655123255134354521156516151650136250141354103202210256343501214260250125
610 259.89 335.40 653350053356656025355304115153116152155251123630361521051656655252324520006424145050355051354005063360042530650652616064051221045343523355200651402326506400051423251650251653623255154354521156523151050335250156350503602510256343501214230252145
620 254.01 339.20 656350051353353022335104115153166156155151121630362521051656655251324126326454145050054051355003063310042134650056616206151224045343646305205654402326524405051023254656251651623655134354521156523151050136250152350663202510256343566214120652115
630 236.32 337.00 654354051353356023355353665152156156155351123630342521056356655232364523306424245056054051354001063010142130610052616244151221045343263405205651402350506405041023254656251052663255134554521256324151650106150152350363252510056303365214320652115
640 261.54 345.60 654354051353356023355353165153354156152152123636341501056356655252364526306424141050052051323000050612042505650652016004151221035343263405265651402350506405041043204656251652623252134351521156525151650136150151360363052410256243201234232252145
650 269.67 367.20 654354051353352026355353165153156156155151123630342521052356655252364526306424146050052051301000050612242545650652016004151221035343263105365651402350506445043053256656251653623655133354521056523151650136150151360363052410256243201234232252645
660 298.07 371.00 354354051353356023355353165153156156155152623636341501156356615252364526336424135050052051321003050612042555630652014004151221035343563105205651402350522452051423254656251653323255134354521156523151650103250155350604602510251343565232120642135
670 253.77 386.00 650350051353356023355353165153156156155152023636341501056356055252354542336422146050052051321033050612042005650652014004151220035343563105205651402350526305021023254656351653323255154354521156212153650101155151340623253410256345565234120652635
680 277.36 389.80 650654051353356023355353135153156150155352123636341501056356655253366326330625142050055051321003050612042505650652016004101521035343263404255656302350506442031423254656251253223255154354521150233151000135255152300623252010251343565262321642115
690 315.14 389.20 650354051356356053355356265153156156155152123630342261056356655253366326333420125050052052321603053612042605650652016004101521031343263405255646302350506644031423254656256253623255154354521150233351650135255152300623252010250243565062321642115
700 261.22 399.00 650354051353356023355353565153156156155352123636341301050356055252366526336414643050655050321603053612242605650652016004111521035312213405255655302350506444031423254656251253424255154354521050236154650135255150301643222010201343565262325642115
710 280.40 397.56 650354051353356023355356265153156156155152623636342501052356655256366320353644125050050051360603053612242535650652016004102521035352263400255650602350506412035423253656251253323256154131521050535151650135255122600623252010221323545262331642115
720 300.09 405.00 650354051353352022355356265153156156155151023630342261050356655256366320353644125050050051260603056612213634650652016004101521035312265505255650605350506242031423251656251253423255154354521150233151050335255152140633222512461243565262321141015
730 291.18 405.80 650354351352352021152356265153154150155152623636342502053356655253066420353444125050050051331603056611242535650652016004102521035352263400255656304250506442031423254656251253323256154331525150133151150135255152240633222512456605561134152230305
740 313.24 402.60 650354051352352021152356265153156150155152623636342502053356655253066420353444125050050051331603056616342535650652016204102526035352263402256656304250506402034423254656251553323656154314521150235101150135255152000623222512456605565531122230115
750 296.02 391.20 650354351353352026352353135150156150155152623636342552053356655253066420355444133050050051311603052612242536650652016002103521034353563400255650605350506141035425254656251253463256154231525150133151150635255152240633222512432355565134152242115
760 287.94 400.20 650354051352352024152356165150156050155652623636242502056356055253066420353444225050050051331603052612242515651652616204102520035354263400256650502350506161035425254655251051623254154354221151233151150135255152002620222012456605565532122430146
770 323.20 393.80 650354051353352026352351565153156150155152523636332562053356655253026420353144135050050051332600052312242536650652016002200521034353563406255650602350506442631423250656251051624255154331125150113250150135255152240633222542456605161134161230146
780 298.09 413.00 650354051353352026352351265153156150155156623636332542053356653250024426443464025050050051363663054632242505651652012002103521014350563406255650602350506442635425250656351251624255154031125150113250150135255152250633222142466605165134112250146
790 317.96 400.40 650354051355352223152351215150156150151152626636242512053355655253056420353444120050051051333663054612246505651632012002103521044350563456255650602350506442031423256656256551623255154354021153233151150405253153343433222542456655665133132235115
800 310.18 409.00 650354051354352021152354266153156150155152023636302563053356255653366622353464125052050051364603062612241516150652110652103521034553563001255650605342506442031421254651255251413254156352221100113251150135255652530633222542456605165533452205612
810 314.42 410.20 650354051352352031152352266150151150556152523631332562055356653253006426353564025050051051364603062612241536651652012002006521014350563403255650602050506442031421254655252251412254156342221154233153156135250122240633252342456635106136162253246
820 309.90 408.40 656354351352352022152352266150156150155152026636352562055355653253056450354464125050050051333663054632344105650650010602104523034553523001250650605342506442631121254651255251410254156352121150513251154135255152042133222522556605166135162265203
830 335.86 421.80 650350051353352022152352266150151150151152526631332562055352653253056450353464325052051031333663051632244105600350010602103520034353563002250650605645506442631426254651255251412254156342221154233153156136255140262433022512433655631533452405612
840 324.67 431.40 650350351353352022152352266150156150155152523631342662055355655253056420353444225051051051303663054132244105650350010602103521034543363001260650606645506442631126253655251251650255156431125150513251156125255152220436022512453655265533102235652
850 303.37 423.60 650350051353352022152352266150156150155152025636332564055355653253656420353464425052051051333663064612043136150650050642103521034653563002250650605645526442634226254655351251650255156431165154233153256135251150262433022512433655635533102232612
860 315.78 426.20 650350351356352022152352266150150150150152326656332062055356655253056420353444125053050056064203054630244105650100010202103023024651513600250650605346506462631225254655251251650255152431165154233153256135251150262433022512433655525533102232612
870 338.84 447.40 650354055352352022152352356150156150150652326656032062055356655253056520353404135053050056064203054632244105650100010202104023034553522001256600606645506442631421254455251201650255256401115150513251156125255152242456222563033655465534102232612
880 324.42 466.80 350351055352352022152352256156156150150155323156336041055352651251056460355465125056051051333665064616043136650652010602104023031451513500250650605346506062631121254415251051605255152465625150313253250135255152210634022562433055625533431235652
890 372.69 483.00 350353055352352020152352256156156150153155026156336061055352651251056460355465125056051051333665064662043136100652010602103023031630513502250650605645523462634423254650351251624255156431165153233124256135153150262433122512543655615530452265613
900 384.20 472.20 350153052352352020150352256156151150153155026156332061055352251251056320355465125056051051333665064662043232150052010202003020031651513500250650605645526462634422253065255255605255156461125550360253256135251150212434022512433055625533431235652
910 370.09 475.80 350353055353352020150352256151151150153155026156336061055352250251056320355465125453051031303665064612043232150055012602153023044453012504256650656645506362644420254650251251624253156131166153233124256135153152110133022512333055625530021230652
920 372.93 482.60 350353055352352020152351256156155150150155525156332061055354251253056320354435122056051051333665064662043111155652015602303023034454013504250650666645506462664420254650251051624253156131615153233153256135153152115133022512333055625530021230652
930 394.23 489.00 350352055050353020122351255156156150153155026156336061055352250251056320355435125053051051303665064612043230153052010602153023044453012504250650656645506462534420253650251051624253156431161152364254256135254154163433323510433065625533531230652
940 370.07 472.00 350353056351352220152351335156156150053155026156336031055352251251056320354435122052051051333665064665043220150052010302153023044053042501250650656644656466231221254435251201620251152431165654236153256135251154562433322510433065123533535235652
950 375.89 474.80 350353035352352021151352556156152150153155120156336011055352251256056326354335125056051054433665064012043210150052011602153023044053042501250650602641556432231221254455251251624250556431161154236154256136254154102433322510433065623563435431602
960 402.41 485.60 350353056351352220152351365156153154053155526156336011055362254256056326354335125056051054033665064014043232160055014200003220134450553500256253602645556462133020054650251251624253156011161152333153256235254153165133022412333055625532431233652
970 382.13 479.00 550353055053352020152351256154156150055152026156336031055352256251056324354365105052050054333665664022043215150152114602153023044053042521250650656545656434033410254650256251624253156431161153663153256635254154102433322510433025663033535335652
980 353.85 484.80 350053055352362421154352526156152150153155110156330011052352251251056320354365105056051052333655252605003213051052151642153023014053042506250650605446506462133020254650251251424253156431165153263154056231251152105133322550433565623563435436602
990 394.95 483.40 350353055352354021350356556156152100153155126156336031055352253251056326353335125053051054333165064662043210150052111602153023044055012501050650656645256430333410254600251250624250156431401550564254256231251152105130322550463565623553435436602
1000 354.93 478.80 350354056053353225150351356156656150050152026156336031055352256251050320354135425056051054333665062664043210153052050602453023044000042501250650606645656434333420254452251251620253152431165152164254056235251152105133324544433565623505430436602
1010 385.52 483.60 350352055053355220156354556156156150053655026154336631052352251251356320354365125056051054353625064662043214153052051602452623044064042501250655603343506565533440254454256251520250156431401102564252256241254152105130322550133065623505530436602
1020 385.93 488.60 350354055355352220154354556156156150053655026154336031052352251253156326354365125056051054356625064662043216153052051602454023064004042501250654603343506065533450254456356251520250156431201152561654254235251154106133332553423565623505435435350
1030 369.96 493.80 350352036053355224153350026156156150053155621156336031052352252253056320354365125056055054322625064262043214153052051642452323044004042501052650656646606065533420254450256250644251052431165152164254254432251152106033302552433565623563405236401
1040 340.64 488.60 550352055053355024153354656156156150053155026154334031052352251251056325354365125056055050323625064666043614153652051602253055044051503501250655503343106066333420254456251251520250156431241152564152251241254152105120322553463564623563465434102
1050 413.27 488.20 350352655053356224153350011151156150053655641152330265055352251251056326351333325056055054323625064306343214152050051602254023640004042341250655603543506065433420201450256250644251152431065155164254264432251151105120322550633565623505435435350
1060 402.52 497.00 350352055053356224153354551135153150053655326152336031052352251252056326353365125056050054356625064662043211052050051602253055004051503501255655503343106066333420254456256251524251152431015155162254254412251152106134332553433566622563405236431
1070 370.25 498.40 350352055053356624253355551155153150053655022152332514050352251251056226352335333050055054320625064662041213053652051002253055004051006541251655103332106665533420254450254250644252152431065155164152256341254156105120342553433566623525436435350
1080 403.06 492.60 350352051053356224153354551155153150053655026152330565050352251251051326352334333050054055320525064462053306053052053022353045004251003501251155606646602064063360254456201250644251102431065152514152254241244152105120422453423564623563461435350
1090 403.35 486.80 350352055053356224153354551155153150053655026250330565050352240256053326352333333050034052320525064562053516153052053002353045004251003301251656603532106065533413252450256250644251152431065102512152654241254152106135342550612556623505436462350
1100 388.32 492.80 350355354053356224153354551155153151051655322152333565050352250256052221352333333056054055320520064565030306053052055002153045004051023204251664603332100064563360253456255251520251152431264155064252254241254152105124222553423564663563463435351
1110 372.77 491.00 351352055053356224153354541155155153053655026152332260050332256251051325352334363050051054356623054632043611052054051501256255204056003501251654603332100064563360254456055251520256151433315155152250254141251154206134122553423501623463461435350
1120 380.05 488.20 353352354053356221153356551155153150051655322152333565050352250251051325352334163050051055320523664512053366053003053002251055004251603501250651656646200064543360254451255251260256153431064155064254254435254151402120352454643165025503401434350
1130 419.17 506.80 352653054053351254153354251155153150051655622151335560050352250253052221352333306056054055320520064512056216053052053502454035004251603501250651356646200064543300254452251251220256551431024155060150254144253154206134122553423526623463461462350
1140 366.83 498.40 353352055053352224155354611156153150051655312151356565050350250256052221352335653050054055326523256632043613050054152501253255204056602501251651356646200064543600254252251251554251152421064155064250054144253150206120422453423266623363460435340
1150 352.11 500.60 350353054053356226153354251151153154053355066152350564050352250252052221352335653050054055326523256632343613050154152501253255204056003603251660603302100064562560254556255250320255152432064055066252254241253151402120302054423001025463461435300
1160 365.96 502.40 353352055023356226153354251151153150051655322152353535050352250256052221352333363050054055326523264503053365002002053102053255204056003633251660603302100064562560255556355250320255152431064155063252254221253151402120402453423066323362460535340
1170 400.93 495.00 350353055053356226123354251151153150051655626152353535050352250256052465352313363050054655326223261412051656050003053002051255004056303301251655003302100064062560250556255250320255152441064155024252256344254154501120322433463666303662461545006
1180 422.44 494.20 353352055053154224153354251151153150051655326152323265650350253256062221354335653050054055326523265512051646053003055002023255464056003603251625600302200064562560254556255250320255152432065155063252254445251150501120422453463666643365460535340
1190 387.80 499.40 350353055653354224153354251151153150051655322152353261050350250252052220352335651051054055326023221510041643053003053036051255004056303603251620403632100664563360250551052250320255152432064155064052254415251154541120422403463666643625460535343
1200 378.53 493.60 350353055650354224253353251151153151051655322152353261050350250252052220352335631051054055326023221510041143053003053036451245504046343201252655603202246066362360254251253251455255152432064155063252255415251154221120422403453666323335460535340
1210 406.37 495.60 351353055053354226133354251151153150054653626152353265051352050250052221352033363050054055426523265532051641053001053002053355304043343264252655303502156060362360254231254551420250152411021155053251254445251151501120422063541666643365430535340
1220 382.83 498.40 350352056053356226155354631156153150051055326155351104051351252252052410352333403050053055426525263312013614653003153002053350444035343261252601603201146664363360254251353230455251152422664155003255254415251154541120422013541660643625460535340
1230 376.54 497.40 350353055023356226125354255151153150056655622151353261050352253252052423351333403050054054226523251213051641053001053062053355304040343204252655600202120664562360255231253251420250152632004652060252254415251154501120422363541666641625410555642
1240 418.57 504.40 350353055023356226155354251151153150051055326155351165053350252252052026352333163050053055426523265032051650053001053042053351364541343204252655603202156164523360250553252220315255155432064155054252254244253154504120412463663466643345436535000
1250 403.91 490.80 351353051653351223153354251151153150051055326125351304053352250252052421351333403050054054206523251212051511053056053042053655064041343204252655603212054063543360250553252250325253155436063155013255254425251154002120422063543466643345432525330
1260 371.27 500.40 350350055023356226155354051151153150056655622152353264050352253250052421352333433050054054426523251211051511054056053362053355000041043204254655603202142664523360250553252250315255055532044155344253253244253154501220422403462660443105460535344
1270 373.31 491.60 353353055053351226154354251151153150053055322152353213050350251250052121352333403053054054224523251212051511054056053062053365304640633204252654603203156662325360202553253250455251152423615155344256255244253156501230422463541660643322100534142
1280 354.09 499.60 353353055223353226255354251151153150056655622152355204050350253250052121352333423050054054224523255212041511054056053062303355304640333204252654403202556664365300251555252250315255155532044154346254254425252154501120104403463660433355460235342
1290 391.86 497.40 352353055052350226154354251151153153056651623152351264053350253250052121352333423054054053221223251212051511054056053062053155304540333204252654603202156642323360250063352255335250152423664155344255254425254154501120422264541660443115660535144
1300 378.89 492.20 352353055052353226154354251151153153056651523152353260053350253252350123352352403056054054024153253512651411052056053365353355306541043204202655600212152164523360250563252250405255255632144155344255254425252154501150004403463660433355460535344
1310 382.09 491.40 353353054223354226155354251151151155056651323152355264050350253252250021352336403050054054224223251212051210051000053363352355304540353204252654603202156662165360254122253252542251102026664151344055254425252150531120101433063660433355460535344
1320 368.97 492.00 353355055053351226155354251151156253056651523152353264053350253252350121352656423054054063221223251512651511054051053360301351306020453204252554603202156642033310250064252255335250152013665155344255054425254154501110404414461660433315460535564
1330 388.94 496.00 353353054052353623154354251155153154056650523152353664053050253252350121352352403056054054024226251512651513054056054366653155304506353202252654601202146642033360250064252255335250154013665056344255254225254154501160404414461660433315660535144
1340 376.63 501.80 353353054054353623154354251155153156056054623152325244053354253252350026352336403050054054254325251212060211051001053360301351300640532203252652601222146642033360250064252255335250154023665156344255254225254154561160404514461660653315660531144
1350 406.90 496.40 350353056052353226155354251151156155056651523152355244053350653252350026352351403050054354024226251513651511054056054366653356304546353203252652601222146342033360255064252253645250152603664155342254255123252151501120404413461666433315510535144
1360 385.57 499.60 353354056023351226255354251151155153050655620152351244053350253252350026352331403050054054024226251513641511055054054366653355304506353203252652601222146342033360255004252255335250254053664156344255254225254154501163403414461660433315360535164
1370 380.35 491.20 353354055023351222154354241151150154056652523152251444053354253252350326352336430050054054024626261512651611054056054366653135303546356203652662161222146642033360250014252253345254151413645156344255254225254154501360404413461660433315510530344
1380 390.77 505.60 353353055023351222154354255153153053056654623251355264053350253252350421352336113050054054024626261516651516054053054366653136304506323203251652601132146342033360250034252253645254151413665154314255254225254156601050504433063666333311560515144
1390 393.76 489.60 353353055023051226155354061150156153052652523152355344053354253652350326352336400050054054024626261511651516054053054366653156305640532243652662301222136642023360250014252253345254152303164155344254254521253254141150404414461662402315640235146
1400 381.30 495.40 353353055323351226151254251150156153056354623152355264053354053652350164352333360050054054025606251626451211051001054366653146314566423203251652601132146362033360251014252253345254151413645155344254251521253154141050406453461662203315640535146
1410 385.51 494.80 353354055323351226124354251150156153056354623152355244053354243652350064352333360050054055625200251512651211054001053350001351300646424303252632601212526142031360251403252255635250152603165152344254254121250154141630444413461660453010430535562
1420 387.98 496.00 353353055323051222154354251150154653056354623154356264056352253252350426352336413053056054064626261516655546051064054366653135303640532204251652601136144342033560200034251255635250154203166155344254254521253154141060406413461612213315640535446
1430 392.14 502.80 353354055323351226151352251150150150056354523152355264053356053652350124352333164056050053025606251626421511051001053366653106644566532203253052631422142342003340256465204550365250152605064152344254254123260154141050503453463626333512560611144
1440 384.26 506.80 353354355323351226151352211155150153056354523152355264056354053652350164352333160050056054022626261516655516051053054163653106344564460203251652101130144342033360254014251255635250154203166155344254254521253154141630404513461600433331540655154
1450 385.12 499.40 353354055223351226151352211156154153056354623154356204056354053652350164352333361050056054044626261516655516051053054166653306304504420204251652101102146360053360254054351255635250154203166155344254254521223154141630104513461600433331560655454
1460 395.41 497.20 353354055323351226151352211150154153056354623154356164053352053652350126352336160054056054026626261516655516051053054166143006346564460203251652101130144342033560051014251255635250155603164151364254256321250154141630404513464600433311560650154
1470 390.55 493.60 355354055223351220151352211150150153056354523152355264053354053652350166351333160054056054026626263516655556051053004166653306344564520204251622202130144342053160252010252253330250152603562551344250254321255154141230404433461660433311560635114
1480 405.39 491.00 353353056024351426151352211150154153056354623154356164050552053652350126352336160054056054026626261516655516051053051166143006340564426202251652202130144342033560252510253253335250152603562151344350454326255154141630404513424660433311560635114
1490 348.00 495.40 353351055320351626151352211150150153056353623153356064053354053652350164355361413054056054026666261516665346051051051166113006340564426202651652202130144242033500250320252253536250152603564151344250054301256154141660404613421666433311560665114
1500 369.96 503.40 352354055423350226121352201551156153056354623154356164053352053652350123352336160054056054026666261516625516051053051566142006346564460203251656101136144322133166250214253053342250152503564151344250254361256152141660554643401666433311560665614
1510 411.94 497.40 353354055323651226121303241150156151054354623154356164053352053652350026352336160051056054326626261516662566051053051566143006041364426002251652202130142542033560252510250256532255152603362151344250250326255154140666404616101660453311660635114
1520 367.06 497.00 353351055323355221151352211154154153054354623154356164053352053652310126352336160054056054026666261516625516052053051566136006444364425002251653202130144342133566250510253253332250152633562151346254054521251154161630404513424600423311510635154
1530 417.08 491.00 356351055323355226151352231152153156054353623154352114053351053652350125352336040050056003026666261116625516051053050566543006341324416003251056101134144342633560252510253053330250152633562151346250256121256154141634403516064660433041560665514
1540 404.68 503.20 353351055323354226154352211152153156054352623154356164053352053652354126352336160054056054026666261512665566051053051560143006341364526003251056101131144342333560252510253253332250152633562151246254204563251154161630404516602660423413520606556
1550 370.11 495.60 353351055323351221151355633152155146054353623154356150053350053652353126352335106055056052426666261512625566051053052466143006341364426003251056102130164342033560052511253253332250152405562151414250254321253154143660104613224660426341122665554
1560 404.55 503.40 356351055323351221151355133152155156054353623154356160053350053653353126352335106055056054026666262512665566051056051560143003341360425003251056502630024542331560202510253253332250352402164151411251254321253154143660104213220660433511560635454
1570 401.39 501.00 356353034323353226155353033152155156054353623154356160053350053652353126352335106055055054120626261505520516051053052566123006361460360203251654202630024542133666250210253253333250152402164151411251254362251154143660104610224660433311562606650
1580 332.09 491.60 355353055026351221151351133152155156050353323154356164053352053652355126362331161054052004026666025413625552051053055566126204341360360203201654202630022542321560252511253253332250162402164151411251054321256152146640204613224660316341220665554
1590 395.71 506.20 356353050323356223151350231152155156054353623156316164055350053652351126352335106055055054420625251015520516653053051564140064041460360203251056502630024042323360252511253253336252152302064051411211254362251154143660504413240660436241220665554
1600 380.58 504.20 356351054323356221151355133152156154054353623154356163053350053652353126356335106055055044420625251015520216053053052564140004041460366203051056402660024542021500252010253253332250152402164101411251254321256154146660204613624460453341023663554
1610 390.46 502.60 356353055023353225153353231152155156051353623154356140053350053652350120353333103555055054420325251015560514353063052564140064041460060200051056502360024042323360250210256253332254152302164052451251254325256154146660104313220660401341033665555
1620 393.65 495.80 356353035323351223153354233152155156054353323154356140053350056152353166352335166055055654425325251015560516053053052114150014041564362203251046522666024542025502252510254253326250152402164151411251254321256154146660204662662660433331560335441
1630 400.18 500.80 356353054324356223153354233552155156051351323154356140053350056652353166352334166055055054420624252015360546053053051062140064641460060200051056502630424041023360250245256253332254152302132152414251256325256154146660234613424460653311560335444
1640 378.94 496.80 355353055323356223154353533152155116054353323154356146053350056652353166352335160055055054420625250415560546053053051061140064644460060200051056502630424041323320250245256553332254152302132152414251252325256154146660244624614463453211300435124
1650 372.87 497.80 356353055223356223153352233153155153054353323154356030053350056652353164352335166055055054420625252015560546052053051645140064641260060200051056505630024041523362050645256253332254152355166152411251252325254154146660214613424460653341040665655
1660 349.00 491.20 351353355323356225154353532152155156053353323154356146050350056652053166352035160055055054426625250015565546053053002163340066641460060200051056502630454043323360250245256253632254152302132152413251256325256154106660234613424460653341050635655
1670 382.47 489.00 356354054423356225122352233152155156054353323154354040053350056652353166352355160055055050423625250015560646053053052614140064341440030204051056502630454041323360250245256253332654152002163152414256256325256154116265334613424420653641054635655
1680 368.78 492.40 351353052323356225154353230152155156054353323154351666053350056652353166352335506055055054420625001015540544051053052614140064041464460500051056500660426510135360050342256253332254152002133152415251256325256154016365334613224460653361020665656
1690 393.49 506.40 351353055323351225154353532152155156054353323554354041053350056652353166352335166055052054420625001015540544051053152614140060241440060205051056510603326510133360250245256253332254152002133153413351256325252152116266334613424440653321000635655
1700 397.91 499.40 351353055325355225156353562152155156054353323154351166053350056652353166352455430055052004422621055006562544051053152614142060241440060200051656565631124541023360250245256053332254155002113152313251255365256154016346334413424440153323000635655
1710 387.71 506.40 351353055323351225156353562152155154054353313154351166053350056652353164352355430055052054422221055006562526051053062616240054001464140500051056502632224510133310250245256255332254152002133153413251256325252256112265334613424440653321000635655
1720 390.37 496.00 351353055323351025156353562152155156054353423154352140050250056252653366352635461055055054400625051110540541053054056612140415641440000200051656520664126510163260254246256253432254152302133055115251256325156154016365334613424440653321050405655
1730 395.79 505.40 351353055326353223154353135152155156054353323154256346050353056052350166352355132055055052420226051115560046053055055616241054051464260500051063536432224523320560250412252252322204153002143156115251256325656154016365334013424440643355050405455
1740 393.99 504.80 351353055323351223156353522152155156054353323154351166053353056052350166352355532055055052420226056415560546053053052616241054051464260500051056542032444543323063250205256256430254153002343152115251054325256156612265334613426414613321050620655
1750 373.65 493.40 351353055323351225156353560152156153024353323150351166053353056052350166352335461055055054200621255500560546053653052616241054062464260504051066530632126510163260054236256253424254153002133150015251256325254154016365234111420440613021042635655
1760 415.65 496.80 351353056324356222154353132126156156054353323550356566056356053052353166352330461053055054200621255500560546051053052416241054056454260500051056543032404543323064250215256256430254153002343152115251254325256154156561234613424460612321050405455
1770 406.19 500.60 351353355323351225156353522152155156054353323150356566053353056052353166352355532055056052620226056415560546053053052616241014051164266500051056546032404553323064250210256256430254153004343152115251254335256156612214334613424460614321055630655
1780 365.59 504.60 355353056323356222154353132152155054054353321150356160053353056054350166352355530055052051620223056016563546053054052612140401642464264500051056522040404543325064250215253256430255253004343152115650254325256156651362234616425414203634050405455
1790 410.51 501.60 351353054323356223154353132155156156054353623150251166053350656050350166352355132055052052620256056415560566006053052212041001056154260500051056562036404543323614250215253256433255153004343152125251254325256156611265334613624514203621053400455
1800 388.56 499.20 351351065523351225156353405156153156354354323154351126054350055252350166352355131055055052620223056016563546053052052612141401640464260500051056522040404645325164250215236253440254150016343152135251254325254156652265224612425400253621053405455
1810 412.73 495.40 351351050523356225156353132155156156054353625156351160053353050052353160352356134055052052422256046415560546051053052514441044056454464100601056546032600541343663450215253256430255153004343152125250250305256156651062234615426400613624001405445
1820 401.41 500.40 353351055523351225156323405152152151054351323150356566056352056052350164355365132055055053420256006425560546151153052515461052642344464500601046546032400541343663250215656255230355153003333152125250250405256156654062204616421400643624000405445
1830 378.72 498.40 351353055223356225154353422152152151054353363150356561056352056052350164352355134055052056621226056016463544053054052610431052142454466500601056546032600543355164250615256256440254150006343152135251054335256155312265314645425400203011343405455
1840 373.34 494.00 351353055224356223153353422152152166054351123154353526456352056052350162352354532055055050221223056415560326053054052546441252641454466500601056546032600543325164250015353255240254150036353152135251250335254155612265344645024400413624000545445
1850 379.91 503.20 351354055223356225156353422155152151054351323152353561056252056052350164352355134055052056621223056016563044053054052616105401602464260500051056346032600543025164250315256253440254150016343106135251255333254155612260324642425100203624020505445
1860 368.70 502.20 351355050222356222156353425152152051054351323150356561056352006052350164352355134054052056621223056616463044053054052616102401602554426500001056121432606541343663250615256253246254150016343106135251255315254155612665324642425400410615020505445
1870 391.08 502.80 351353054223355222156353422152152151054351323150356526056352056052350162352355512055055051221223650114463544053054052615102401602554426500056456121432606541323663250615056253236254150016343156135250250335554156612265314642425400410615020505445
1880 407.03 494.40 352353056223356225156353422152152152054351323254356566056352056052350164353354532056052056621523056013564121053054062616143401602465264505054056322032653543605164250015256254440254150016343156135250255133254155602260324142425105213522000511421
1890 399.39 509.00 352353056223356225156321420152152051654354123150356560056342056053354260352365131051052056625623056116213044053054062616163401502465264305054056322032623543105164250015256253035254154016313150135251255133254155612266364642425105210615030505444
1900 403.47 496.20 351353054223356022156356412152552151054351323150356560056352056053354260352355133005052056621223656313413544053054052616606052632454464502601056524032616544314235250015256251440253150015443156135250255133254156512262324142525105213522200511421
1910 366.73 504.00 351355055222356222156354420152552061051351323150356561056352056052320162352356144055052056621223656310413244055054052646602401002254426500051006522042423546343663251615356252440254150015301156235250255133254156512462324132425100013524051501321
1920 361.39 504.00 353355055226356222156355420153152056054353322150356266050352056052350141353354532056052056621223655116215044055054053616603451602554426500051062121032216544341435050015254251440254150015303156235250255333250155612462324132025000213524051401321
1930 411.95 497.60 351353054224351222151356415152152061056351323150356560056352054052354255352351131056052056621223655116210044055054053616603051602554426500001056524032613541342663250615256552445254150016303155135251255153250156514216366642622105213522000511426
1940 392.00 499.60 355355055222356222156353420152152152054353323154356566056352056052620162352354144055052056661223655111211061055053053316643050632453504502401056524033613541343663250615254251450254150015303156225250204333250155616466324132025000213324000511226
1950 382.77 501.40 352355055222356222156353420152152051053351323150356566050352056052254250352351131055052056621223652111215061055052056416013052632423064502401056524033613541343663250615354252543256150015353156225250254333250155506462344132025000213324000511226
1960 355.72 492.80 351355055222356222156356220152152052054353323154356566056352056052354250352351131055052056521220655111211031055053053311643050632453564502405056524033613541343663250615054252445254150116312156235256255333250155612462324132025000213424061441026
1970 393.43 493.20 351355355222356222156356220152152152053351323154351566050052056052254250352351101055052056625223655111211021055053055313613050632453564502402056524043613241343263650616256251140254150016300156235256255323250155512462324162025020213520064401021
1980 384.84 497.40 351355055222356222152356220152152051053351326150356366050052056052254250352351101055052056621223622114215062055052056416353052632423064302601055544432216541153263055611256255140252150016300150231250255333252151012262324132025000113124000541026
1990 358.67 500.40 351355055220355222156356220152152051053355343156356500056352054052354166352351131055052056520220655111216166055052056656603054452443064501601055524032613441153263250615256252140252150016300150231256054333254152612464344132023005113524660516421
2000 396.32 504.60 351354046220356222152356220152152051053350336150356366056352056052354166352351162015052456521520655111216166055052053646403554635053064501101056624032613441153263250615254252443252150016310100231256254333250155612462323132025005213522000511426
2010 404.11 504.40 351355055522356222122356220152152051053351336150356364056352054052354164352351130055052056520420655113216146055052056614605004432443064501406056524031613445643643254615252252442252150016320150231220255333252151422262324632005005423522000311421
2020 384.77 506.40 351355055222356222152356221152152051053151336150356366054352056052352166352352151055052056520220655110212166055052053646603554665023024332601056544432316540153463250511256255141252150406300056236256255333250153312461324432023035133524064311421
2030 399.42 490.40 354355055222356222152356260155152051053351526150356236050352056052354161352352151055052056520220655111212166055052056646623554665025024302602056544432316520523463250615252253443254150416300050230256254435252155312462321432023005143524062204061
2040 404.38 493.40 351355055222356222152356220152152051053355042150351336050352055052354666352351140055055050520220655010212166055052053646503554665023024302601056544432316540153463251614254202143252150416120155246250255325252155612462323132025005213122300551421
2050 366.79 495.40 351355055222356621152356220152155051053355043150356516050352055052354066353351131055054050520224652111212166055052053666503554665023024302601056544432316522120463250615252253443452150411326150230256054435254155312462351432023105133524062201264
2060 387.75 500.20 351355030226356220152356260155152053053355043150356516050352055052354061353351133053054050520220652113412166055052053666503554665023024302601056544432316522120463250615252253443252155412326156216256255333252155312262313132625001233132000513421
2070 372.23 495.80 355355055022353220152356224152152051053351526156356566056352056052354164353351311055054050520220655010415166051055056660503354665023022302601056521534263532353263250615252253443252155412326150030256054435250155312462321430023005013120000501421
2080 386.79 493.60 353355055022353220152356224152152051053351526150351256050352055052354166353351131055054056526223605110212166055052053646503554635633102302606053521534263542353263250615252253443252155412322050430256255335250155313462321430023005113150000501421
2090 392.71 496.60 354355055224356252152356220152155055053055646150354336010352055052354066353351131054052056526220652513612166054052053606503554265643102302606053521034253542353263251615232253443252155412322150230256255335252155312562351430023005113120200551421
2100 397.89 500.40 351355055221353220152356264152552051056355546150354336050352055042354066353351101055054056520620650451311166055055253666503514266023022302601056324434350145153263251214252255443154155404620150050256254435250155352262321430023305413150002551321
2110 384.22 501.60 354355355222353220152356224152152051050352626150354246050355055254354666352354151053050050520624652151212166050052053666503514665023024302201056623434353201153263255215252253443052155412322150230256255335252150330452525431165003233150000501421
2120 374.66 502.60 355355055222353226151356225152152051051351626150354446050356055056364006353353131053050050524620655010415166054052053616533554266023524302401056322404333141153263254214052253463256150464356150050256254433250155310262341435023305463150000511121
2130 400.40 500.40 351355055222353224150356224156153051053356521150354253050356055056356006353353131050050050520624653013415133055202053645303554665021064302001056623432051201553264251615202253443252051444326150230256255335252150330453525431165003233150000201423
2140 381.92 510.00 351355055222353220150356224156152051053356621154356256050354055051354062352351131054052056524620655310415166054052053616504554266023524302053053522404443542453264251615252053443252151444356150534256255345252150330453425431022101513150004546121
2150 378.67 503.60 351355055222303220150356222152152051053356624150350056050356055052354063353351131056053056524620655000405166054052053316504554466023524302003063526404443542453264051105252253443252151444326150530256255335252150130453525431122103513250000251423
2160 396.80 495.20 351355055022353520150356222152155351053356121150355050050354451052354003353351131056053054524220655310415166054052054616504544206023554301003053522404443342423264254635252055441252155444326150560256256335252150330403425431022103513150004516121
2170 364.82 504.40 351355055022353266150256244152155051053356621152351056050354056652355006352356131056053054524220655410415166050055053636503604066002202002606053522404443542453264251335256255441252155444326150550256256335252150330406425431022153513164004556121
2180 385.38 503.80 351355055022353220150355216152150051053356621154350056050356255052354062353351135054052056521620655310445166054053054616554566216013162302606053350206423102353234251615256251415251256504326150340256253665255151112406425031022153513164004556121
2190 388.61 507.00 351355053022356220152354224152152051053356622152350056056356052252351363353351141056053054420220650440245166054052054606504544666223524301003053522406443542423264251665256253413251154504326150042256255335255051112402320431165003233146000144151
2200 369.38 499.60 351355353022356220152354224152152051053356621154350056656356055052354062353351135054052056321650655310445166054051054616304554266023523301006053522404443542423260251665256253413251155444356150550256256335252150362162324230612123213250123155625
2210 378.26 491.40 351355051052353666150354544153150051053356621156351256050356255055354063353351135054052056521660655410415166054051054216504504656023524606003053522464443542463260051665256251415251156504323150242256256335252150132402320410011105533150005552121
2220 384.79 496.80 351355051022356666150354544152155051052356621154350056056356052252351466353351231052052056021620621310446166054051054616654556266023523301006053522404453542423230051655251253413252154504326154040256255132255151132402320431165003233200000144115
2230 393.35 495.40 351355055022353662150356544152155051053356621154350053050356052252351265353351231052056056523620621310246166054051064616604356256323525656406050350234243132350254251615251253413252154564326164040256255322255151032402320431112136216006000144115
2240 357.61 491.00 351352055022356666150354544152152051052356621154350056056356052222351265353351135054052052024020620311246506054051054616604656256323525651006053521234243132350254251615251253413251154562323054040256255332255151132442320431165005513455005555121
2250 389.84 498.40 351355055022352666150254620152155011054356623156352056056356052252351146353351231052052056003620655336446163050051054616604554266023525651006053550234243132350254251612251253410252154564326154041256255336255153132402320110011105531150035552121
2260 408.06 495.80 351352055052052666150354144152155051052356621154350056056356052122351246350351236052052056020620621310446166054061054316654551266023623303006056520244244132350254251610211253413251054526323154240256255334255151233402340434165003423006335552614
2270 342.78 495.00 351355352322052666150354544152152051056356601154350056056356052223351265353355135054052052020620225314266266054051150606654051266064523353006653560234243152352254201615251255415256156224303150040251253616250151312462320415012105533152035655614
2280 386.14 498.20 350355052322052630150354144156155054052356621154350056056356052254352065353351130052052054221620621311446263054050150606654161265064523353006653520230243132353254251615351255413252154566323154040216255334253151312462343210332302513120005551515
2290 383.97 500.60 354355055023352663153354142152155051052356121154350056056351052222351265353351035050052052023620255314266266004050150600354551260064523303006050261030105552241234251015251255453251054566323150142256254340250151312062320425032102513120005431115
2300 393.97 500.80 354355055322352665152322014142155051052056621154354556056356052222352455353351035054053051025625625314266666054004155605654551266025523303004050061030105552241254251645256255403256156215323154040256255334231156253413220435135065533150235056115
2310 397.96 502.00 354355055022352665152355142152155051052056621150354156056354052223351265353355155052052052023620225314566266000055155606654251263015503053606653520534342534156224051645224255441256156215303154040256255334255156253013320435135005543150235056115
2320 397.83 502.60 354355055022354063153354146152155055052054621156354156056654052223451365353355035054052055065625625314266616054054055314654555226025523352004050661000105133641354251615351256153251154566323150342256252334255156551413350426235065543150235016415
2330 399.90 501.20 351353054026350663155354142152155052052056621150356156056354052221356465353354055055052052523620225314564266000055155606644051263164503053606053521634340430156224251645254255446256156215325154040256055334255154253413320425232065543156211056114
2340 391.98 501.40 351353054326351663255354140152155052052056621150356156056354052223352465353356550054053055025625621314266665054051055314654555222065503052606653520544342532156224251145254254144256156215325154040256255334255156253413350425235065543150315056415
2350 417.05 509.40 354355055022352623153354431452155052052056461150356156056354052223352465353346550054053055025625621314266665054055055314654051263065503056201653525234340132256554451115254255443256156215323156040256255334255156253433356445235065543152245056014
2360 371.40 500.00 354355055026351663155354104152155051054056621140351106056354052223356465353352550054055055025625221304260466054054055314654556222062503056406651420534360230135324256645354254144256156215323150342256252134255150254413320455133064513150233056415
2370 385.57 507.60 351353054026351663155354142152150056052356545150356156056354052223356625453352550054055055035625621302260416654054055314134156006325521100006654520534342530156624051265254256142252156215323150362256252134252150254413320455133064513150233056415
2380 397.49 493.40 351353056020354663153324531152155052053054621150356136056354053223352445353352551054055055025525621313260666054054056344654061213065203056206653540534364230155324252645254254144251156214323150342256252133255151256433356445235135543152245056415
2390 376.65 495.40 351353050426354623153355531102155056051056621150356156056354052223356465353352550054051055025622621314260066054054656310654051463066503056206653540344660230115424256655255254144256153250323104040256255234655150254443320125105310543155515356415
2400 391.08 496.20 351353050026354663153352531152155052051056640150356154056353032223356464352356550054053055025325621314260166054054651314634551261065503056206653232234345230115424256654253254144256153310323151042256252334254256213431356525235065144625315456415
2410 387.66 489.80 351353056020354653153254531153155052053054501152356136056351052224356423353351510054053055025621621314260666054054453314654551201065503054201052305534660230155322251615254252453256156210323154042256252132215156053413120425133064553650303056014
2420 395.44 493.00 351353350225354663153355031151156052053054651150356156056356052223353464352356550054053055022525621334150636054004656310654061463066503051206653440344664230115332252645254254144254153310323154042256252132255154254351020025235065124655316056115
2430 405.45 493.20 354353054026351262153354342154150056052356423155356151051354051223356465352356550053053055125621621314260666054044003114554061463066503051206653233235035200115424256615254252453256056210323154040256252132255150213411351325133054554350401056014
2440 392.00 509.40 354353050225354663155354340153155052052356423155356151051354051223351464354351510054003050026321621314260666153054651314654051462066300056206653540366160231155304251615254206453256156210363154040256252132255150464311020455133064551650333052414
2450 397.18 495.80 351353050026351660155654642154150051055356451150356156056355052223356464352356550053053055022521621364210166056054656310654021443066505054202053140344660232152330551615254252453252156410663154040254252132255150464361020454243051535150201050014
2460 354.51 496.40 352351050026354663153355531153156052053056661150355151056352051223356464354353350054053055563621624364210166054054651334254051463066500054202053140344660232152312251615254252453252156410663054010253252132255150564361020454243051525550204350014
2470 386.32 505.40 351353050026351266153314534151156052053356426153356151053355054223356464351353350054053055022525626364212366003054601334254051423066300056206653540346161230155342251615254252453250156311163154060256252132255250464301220465133064551650333002010
2480 387.62 491.00 354353054526351262153355034151156052053356661150351101052350051223356564351353650050053055002525624164212366003054651314054601363063000050206056540144510232315124255335254032053256156610363154440254252435255150462311020551213053351650333062414
2490 355.02 490.60 354353054026351262153355034151156052053356661150356153056355055223356264351353650054053055025521621314260666053055651114054051443066501050216056540304510232315124255335254254453256156610363054440254252432255150462304020155163064551630333000010
2500 374.11 499.60 351352050022351262153355015155156052053356465150350101052355051223355562351353350050053050206351621424260666053054651114050051432056350056206653131343160230315124055335254254416256156266163154042252252632255150010512020155150563551250344032210
2510 367.60 494.60 351352050022351665123355014151156052055056465150350101056355054223351564351353660054053055025521621304260656053054601331224051420366501050206656640462120330355332255054254254124254151342323154142250252132255150655311020531213123351650330002010
2520 404.16 493.80 352352054352351262153355014151156052055056465150350301052350055525355564350353350054056050206321621424260665053054655314452054650166501050206656640462120330355532255054254254154254151342323104142250252132255150652311021551213123351650330002010
2530 352.87 491.80 354353054226356262153353014151156042055056065150250101052355052223355564351353350053056050206321621424260665053054655314454063412566350056206653640062320430355532055054254254124254151342323154142250252432255156422304020655531063354650333002010
2540 394.43 508.40 354352054326051265123356014151153053052056261150356153056355452223355564351350350053056050206321621424460665053054655314654063412566350056206653640062323234555331255001250256143256153210163154440253252432255150440314022152531063354650330002016
2550 394.99 500.60 354352054320351262155355036154156352053356265150356152052355055523355564351353550053056050206321621424360266053054151314150055414202350056206656640462120330355532255054254253524254151342623150444252252136255150264311020155532063354650333002610
2560 386.74 495.00 356352054326355266150356014151156052056056465150356101054353055523354564351350350051056053203321620424460625053054655344454063412566350056206655330062363234435302201321254254525254151442323154142250254132250150652311021551113023351650236054010
2570 386.68 488.56 354352054320351262150351534150156052053356265150356152052355055523355564351353450053056050206321621424364665050056651314450055314262352056206653630422220130355532255054254254124254151042623100044252252332250150552115021551114023055650136634010
2580 357.08 503.20 654304054326351262150351534150116052053356261150356152052355055523355564351353355053056050206321621424364665053051651314450035314262351056203653240062323200354532251621254256133256151254133104142253252432255156422304021254631063654650333001062
2590 376.94 496.80 355354054326050265150351534150156052053356261150356152052355055525353564351353350056056050206321621424364665051156653414450251502636051056306663630422230130325532251526354256133256151332622154142253256132250150622306130654631013654650333002062
2600 416.60 497.80 355354053326050265250351534150156052053356261150356152052355055523353564351353450056056050205321621424364365053056653414650255463636054056206643450262163230555402251611254256133256151342623154142250256612250250612206033654631013654650333002010
2610 371.51 494.60 354352054320351261150351533150156052053352265150356156052355055523355564351053450056056050605520021064364165053051651414450211503636051056306443450162163202504362251621251250134256151342163155342250206122250155522306030654035013654443335002012
2620 393.87 494.40 354352054320355212150351534150156052053356401254356042052355055523355564351353350056056050206321621424364665051155653414450211502636051052266653400162133102504362251621251250134256151342623154142255256612250150612206033654131013654600333005052
2630 385.88 491.40 354350050326051224150351560150156052023356401154356152052355055523353564351353450056056050605560021064364165053051651312450255463636354056506653450262163200555400251611354256133256151254163155342250256122250155542306030454035313652442233102012
2640 388.17 498.80 355352054320351660150351564150156052053356401154356152052354056223255164351353450054056050203320221064364165053056653114650252464636054052206653160263113230555400251611254253340256151254163555342250256132251150522306030654005233654143336064040
2650 377.95 495.20 355352054320351262150351364150156052053356401154356125052355255523355504351353650056056050565560021064364165053051651312450555462632354056206653160263113230555400251611254053133256154344313154333254252632250150522302030654005233654163356064050
2660 411.46 497.20 355352051322356262150351364150156052053356401124356123056350055023356561351353450054055050403020222066305165053051651312450455463636030056201655400462133202304360251654254253133256152542313154333251252132250150651310050251031015654243333204315
2670 386.90 498.80 354350054324051264155351464150156052053356401154356150056350055023356561351053430054055050003320063364064026053051651312450455466636054056201655400262133200525362251654054253130256152346010154336254252132250150552302031652605133554163355064050
2680 377.72 497.20 354350054321051625153351464150153052053356401154356625052355053523653562351355430054055050403020222066305165053051651312650455411636054056201655400262133202301362052654254253133254156342313154333251252164253155512506030654035233664206251064051
2690 383.88 493.20 354353054624051252150352543150154056055356404150356153052355053521353512351353551056053050603320222006305165053051651315450455466530054056206653410525123250525362251654252256500254151254463556333254252132250155651311425256031015664243336064050
2700 329.45 502.20 354350054322051624155354264150156056053356441254356153056355055023353512351353551054050050403320222006305165053051651315450455454034054056406653410565133350525406251614254256100256151254163154333254252130250150651310225256031015654243336044150
2710 396.98 489.00 354350054321051623155352533153154056055356404154356645052350055053356340351353250054055050603320221506405165053051651315450455464534054066205653410565133250525406251614254556100256151254163154333254252532250150651310330654635265654113451566451
2720 368.54 499.68 354350054321051623155352543150154056055356404153351645052350055053353212351350551054055050403320222006305165053051651315450453454534054003406653410565133250525406251654052256100256151244163154333254252132250150651310433654265235654513451566451
2730 398.39 494.00 355353054321051622155351464150152055053356441154654152056350055023056300351353250054055050603320221046355165053051651315450151454534054053406653410535133250525506251654252256102056151654163155133254252132250150651310431654635235654113451064053
2740 366.15 491.20 355353034321051620155352243150154055053355406154356363050350055053353211351350501052055050403320222006305166053051654315451433452534054053406653010565135250505506251654252256100256151251163155333254252132250150651316321654205233654633251064011
2750 398.71 499.60 355353054321051620155352243150154056053355406154356163050355055023353211351350551052055050403320220006305166023051654315450433352536054053102653010565135650555506251654252201100256151251163155333254251132250150651310321654305233654633251064055
2760 391.99 494.20 354351054321056623155352243150154056053355441154356153050350055053353011350350551050055350403220222506305166053051654335441433452514054054406653410564134250555506251354252256100256151351163155334251255132250150651316360654205233654233251064414
2770 369.02 497.00 354351054023056621155352243150154056053355441154356153050350055054353011351350556050055050403350222023205166053051654335441433452514154254506653410560134250555506251651252255104256251204163152333254252030250150651336321654205230656633251064330
2780 396.50 499.40 355353054321451622155352646150154051051355441154356153053353255022356340352350551052055050503320222025305133053051654315450140414636044053406656450605135220511546221354252256105256151313063155334201255132250150651324346354200533054233461064053
2790 379.89 498.60 355353054621051226150352643150154056053355406154356166050355053022354343351350531056050050403322222000305166053051654315450140414631452053406653020155135250555500251654252056004256151253163155633254252136250150611064331356200233114143251664053
2800 366.47 493.80 354356054325051626151352243150156056053355426154356163050356055053333261351350531052054050403322222000305166053054654315450140414631452056406653020105133220511544251364252256103256053513063155334251252136250150611064301356204133253235351064010
2810 387.09 492.20 354351055621056624125352146150154056152355403154356166050356055033353341351350531052055050003320222306305156053054654335441331424630044053106653044565130250515060251254255251105256153514063155335251251132250150651316060614205333654233651064040
2820 387.77 499.20 354352054621056621155352246150154056053355451153356556054356053022356341351350531052055050003325222306305156053054654335441331424636044053406653016155135250520506253354052256135256153533053155534251251162250150651316360614255233654233251064310
2830 366.21 493.00 354351053624052621155352243150154056053355241154356366050355051053356341351350531052055050003325221306305156053053654315651423450630645053106556011255133250550506253254255234166252151054163155334255055162250150651616060614205433654243223364610
2840 400.02 498.00 354351053621052621254352203150153056053355406154356355054356053022356356351350531052050052600320225025643156053653654315651423450630645053104650016155135250510506253354251250106252151054563155334255255162200150051616060614205433654243223364010
2850 398.02 498.20 354351055621052621254352223150153056053355406154356355054356053022356356351351531052055050003320225125605656053053604315650163455511654053106653044562133250525260253056255256106252151354165155334255255162250150651646060604255333654423223064011
2860 368.90 490.60 352351055621551621152354243150154056053353405150356500054356255022356041351350531056050053633320222025605156053051654310051423531530645053106656006655135250555506253254255050106250151054163155334255252162256155626411060624253433654243223334041
2870 381.29 491.60 354351055621056624155352243150153056053355421153355003052356053622356245351350531052055053616320265025643156053003653311655463442511654056404654016162130450350206205254255256106252151054105155332254255662256150622616050614206031650255251534021
2880 392.81 506.20 354350055621056621155352443150153056052351121153355003054356053022356041351351531056055053621320052303135156053051654312651423450620645053106656006655135250505555253254355250106250151054564156233255250642250130651513061652205413654432233366010
2890 344.60 496.20 354351355624352621155352243150154056053355406150350503054356053022356141351351531056055051621324055025643156003053604143650163400620640053106656006655435250655556253554255250106250151054563155334255252262253152601326060511206033654515226364010
2900 392.58 499.80 350354055621056621155352445150154056052351121154355023054356053022356041351311531056055055621324052300030150053051654312651421451620645055106656066655125255355506253254255250136050151054164153633255252262253152603626030511210433654243051524021
2910 383.66 499.80 350354355621056661155352543150154055052351126154353003054353050622356041351351534056055053221320052323135156453051654312651421451624645055106656066655125255355506253250255250135250151051563155334251252262253152603626060541206033654565220364030
2920 386.76 496.80 650354053621056621155352445150154056052351126154355606054356553024351041351350531052054053006320052322135156053251651302651421451624645055106656016655135255355506053256255250136250151054164153033255255342250150655012040661225430654243051504021
2930 378.00 496.20 350356055624352621155352245150154056053355606151350503056356053022250041351341531056055053221320265005643112053051654312651441455624645056206666066655125255155506253256255200136250151054164153601251250442250150355012040661225413654143651504021
2940 390.81 497.00 355354055624352621155352243156154056053355406154355103054356053022350001351351534052054053221320265005643112053051604362652441651624645056106656063625125455355506253251255200136250151054164153651255250442250151355011040661225433555512223364612
2950 377.20 495.00 355354055624352621155352255150154056053355006154355103054356053622356041351351534052054053606321055542135156053051604362641441551624645056106651063655126455355506253256255250136250151054164053633251250144250155655022640561206433555512323363612
2960 350.96 492.20 355354055624351621155352245150154056053355001154355103054356053622356041351351534052054003606320000542135150050151604312651541651501645056106656033653220455345506253254255250033250151056164054633254250142250150653516303061225433655003051604021
2970 378.67 496.40 355651054624354623155352240150154056053355406154355113051156053622356041350351534052054053206320055052132155053051604312042401451524655056106656033655525455345506253252055250331253151056134154633254250512250155623016305341206533654515451504631
2980 383.00 493.40 355352054624354603155352540150154056053355406154355113051356053622356041351351234005055053206321051002135155053051604312042642651626615056206656033655325455351506253551255250136250151054264103651255250442250155315566300365206533664512223364612
2990 347.03 494.00 355351054624353621155352244150154056053355406154355113051356054622356041350352531054055053220320052305662125053051604362651405055624645056106656033655325455351306053551255250136250052054162150033255255362250155352016466635213233551012423304631
3000 368.07 498.60 355351054624354623155352245152154056053355402154355113056356052623356041351351564052050053205300251032643155053051604312046642651622615056103656163154125455345506053252255250136253151154166154653254250122250154301016466635213233551012423304631
