0 -441.97 -91.84 045210341052523213613540661210255615300522241454213451221323462232251532334046153330051264665111505630042411216166336042425242150330463145201424001165646550114414326530452345036213325223265012346316435102445255410505006435132110433110266621326
10 -141.70 -13.04 400344366440040523540445000655641062254251001534631555345405101252615441606552015655263412036444453264000520656550223030066101544022500336322123523304203036034364654451145610234164451425032142355116424662152654002501300066142354345415631504020
20 -30.83 6.80 415433421134040525021322155055646016046342121052260622545224344246333214452420512616644250045144200521261432044051505055150414145535300336322123523304231003115613123650656453112222655425032144355116224662152654000501301465410611205551340022112
30 -3.14 9.20 112463401461603622035124155055646016046342121052260622545224344246333614450423512616644250045144200521261432004051005055150414145535300336022123523304003436064364654451145410234154151426032142355116424662152064002501300446430611345451340022140
40 1.64 9.00 112463451461603622035126132345640016146342121052260622545224346236335614442423514616144250045340153264404034642364164245410666504063511655401431523344003036061364654451145620234154451425032152355116424662152650002501300036042354645415631504320
50 -3.79 12.00 112463451461602452335126132045646016045342121052260622545224144246343614442303512656144254660340453264504034643251005055153444145363516503106403464052031001114364654451145110234154553421032152355156624664152624021501360465450611205551330022112
60 0.53 12.00 112463452461653422335126130055046116046342121002310622045224144246333614442303512114644252041144250520261432014336501053150414115563511656421430144052003434064364654656256412634154151425032152355156424664152604021501360455450611205531330022112
70 1.80 14.00 112463454461603452335126335344650016156344121032260602545634143246333654452423514316144250045144250521261432613221504055150314145535300303322123503214063436064364654656256410634154050425032162355156444664152624021001360465450611215551330022112
80 9.41 19.60 112463451464603252330126315344650016146442151250250624540125346246333604432303532606144050345144150520261432646251504051150414145535300333322123523214063436064644654655256420434152151425032152155156424663152624021601340465450610205151330022112
90 7.91 25.00 112063453464603250330126315344650156146442151250250622540424343246333654452423515106444051042164250520261432614313101053150453113563511326431430144053003434061364654656256420434152154425035152456154424660152624021601305465450611205521320022126
100 8.24 27.00 212463451464600250330121315344650156145442151250250602540420342646333654452423513606144050341144150520261432646256504051150314113563511326441023526224063436044313654655255410634152151411034152355156422664152624031601360360450611205021330022112
110 12.10 31.20 112063153464303250330146515344650156146442151250250622540424343246333654452423535146444051042164250520261432646056504351150354145535300333322123522214063436464634654655255410654152120540032152453154424610152624011601344465450611205521320032125
120 15.06 27.60 112363453464303250330146315344660156111442151250250662540424343206333554452423515166441051042164250400261432614313101053150414145515310263332123523324003446061611654646256420433152151411335152355151424664152614021651466660450613205521320022125
130 17.50 33.20 112363053464303250530125312344660156116442151251250626540424343246333654052423535166444051042664250520261433650313121053150453115635300324320126526214063436361605154156156410634152151411434152453152424610152624021601344465450311225521320032124
140 18.76 34.40 012023653464605250330520315152650156242442150250252626540005341544333654552423535166444051043664650520261433650313301052150414145065551353332123023324133406261614615456156410664152553236034152453152424664151624021600340465350616241521520032125
150 16.24 32.00 152363453264605250530125312344660156116442151251250626344035341262323653122423545466444151062164250520231412610353131352150415055665511323330125526114054445461614615656156410634152554231036152450152434663152621021601340465400610215551320022125
160 13.17 38.60 013053653464603250330146314352651156212443150250652521540005243544333654222423535156444152446164250520261431655312101052150415165063513356303125526114103406261604644155156410634153251411134652453152424640152014121401542465150611216521320624155
170 19.35 41.20 112312053164303250530524315350651156246442150550250622540030341544333653451153515166445051043164640520261431654312101052150414145064551303335126620264623406261643154156156410654152151411344652453152424644152012521021364465450616205253340012105
180 18.18 39.80 053653650461603250630144314352653156246442150555260662540005341444634654522423236156404152001604236520261402610315301052150411140063513353321125020324603406261645154163156410635152153231036152453152424640152034111401564465152611216501320024325
190 23.20 49.00 053053650464603250331146314352651156252643150256650622540036241544634654524423235156444152001634230560361412610313301052150434145061516303320126020264653406151645154153156410635154153211236152453152424640152034111401564665152611216501320024225
200 21.54 49.60 053653150462603250530550315352650156242422150550250622540430241444364654562423236156444132003030230420200523650323301052156434145061516303320126020260653406251605154153156414635152554201536152353152424640152034111401564365152211216501320024325
210 23.20 60.40 056653150460603250530506214352051156252422150550250622540430241244663654562523236156464132001634230560361412360313201052210434541061516303320126020264453406111645153153156414635152554201536152353152424640152034111401560165152211216501320022624
220 42.82 71.60 353653150460603250530556315352051156252446150256550622240430241044662644522414135156444132003030230530200522650313101053350434145061556305345126020264653606150645154113156410634152156231556155453153436666152034021521360635400611516506320024246
230 43.55 73.40 353653150460603250130550315352051156252446150256652622240430241044602644522414435156444132003030230530200523656323123053250424541061516203321126260264653404151645156156156210334152153231036152453152424660152015111401564465146611216501360064225
240 27.85 76.80 353653152460603250130556312352051156252146150256650426240450243644662644522424431106444132063041260530361312650313103053250424541061516203321126060264653404151306156156156210334152113231536152353152424646152034011401564164146410216501323621255
250 51.89 80.00 353653150260623250130556615352051156252146150256620622240430241445222624122623435153444162003056230020360523650323161052210424541061316323621116064264651406351644156156156310334152133231000152453152424646152034011401562463154611211501320014240
260 51.80 85.60 353653150250604250130550315352051156252446150356150622240430241240662644522424435156444132003055230023360526650323111052250424541321416503321424060364653451251645156156156310324152155231005153451152424660152614212401566164156450216521323621255
270 48.24 84.80 353653150260604250330556116352151153252146152256613426240450243625622644522424431056652422203134250130311012650313123052256424541021416324621126040264151451021624154153154613634152113230566152353153454646152434112401566165142646234501304002246
280 63.26 108.40 353653150250604250133250316352351156252140150256616422250230244645622644542444611056652422203634250130351012650313123052256424541021416304626136040264651451221600154363156110334152153231036152453153454646152334112401151165153410216525520622255
290 77.26 112.48 353653150250604250133250316355652152252246150256656426255230243645622644542454431056656522203634250530350012650311163002356324341025456323621226064250112565551604156156151110324152153231234152453153454446152434112401151165153646416501334621255
300 67.33 118.00 356653154250604250633250316352351156252246150256606120250220244644622644642304231056653422203634250130351012650313126052256424541021426304626126040244651451421626156156156310334152133231002152453153454646152434112401151165153410216500004021255
310 89.67 162.80 356653154250604250633250316353351156252246250256602120250220244644622644642304231056653422203634250130351012650313126052256424641021426304626126064264653351051245156156156150324152153231136152323153156466153434112405101464152320116500004041205
320 89.30 170.48 351653154250604250633230316351351156252246250156606120250220243643612644552304231056653432206634250130351012650313123052250424441016513223321126024262641454551344151156156150324152153231136152353155156366153434112403153364152440226151302022345
330 113.44 173.80 356353154250604250633230316351351156252246250156406100250220243643612644512304231056653562203634250130351012650313121052256454441016513200321121024262641434551144151156156150324152153231236152453153153644154435116401351462152420526121004421252
340 113.81 158.40 356653154250604250053250316352351156252246250256616120250253044644622644642304201056604522302634213530301042650313126052206624541031416363321126020564641434551344151156156150324152353231236152453153356566153434112401101463142420556421304421255
350 109.89 173.20 356653154250604250653250316351351156252246250156406120250220243643612643552004231056653022202631213530301042650313103053250425441046516323321126424230111454552344151656151150324152151331636153424153356566153434112401101464142420526531305041645
360 111.54 170.00 356655154250654250653250316352351152252246250256603120252220224654622644646303201056634522303634450130351042650312522052253424440016413200431106464230641455551344151656156150324152153231236152424153151466153434116201100463141420556526304424255
370 119.71 171.60 356653151253614250533250355352253156252230250126406120250253044654642644345554631052604622052634215130301042050363123053250405442246516323351426424262641555531340151156156155324155154230213152361153156465156434512401101464142420526521305041645
380 124.84 191.48 356655154250654250653250316352331153252246250126432140252220220652622654540654503055604622052634215130401042050363123053250405442246566323355126224252641351531340151156156155324155124230213152361153156465154434112401101464142220526564302021346
390 128.84 215.00 356655154250654250353250316352351156252246250126432140252220220652622654540654503055604612052634215130401042050363123053050605442242116301626112454224642452551344151656151152324152151331213132325152154456153034512400101464642420521121304422321
400 134.33 234.76 356655150250654250554250354352353156254246250646406120250250254652632650540653201054604422052234215130331042050363123053250405442266516663351436444224642452551344151656151152324152152331213152345153156465154434562401101460142420526524305341605
410 159.43 285.80 356655154255654250653250310352353156250243250646406120250250254652632250640653260055604622052234215030301042050363123053250605442246516601624112654224642450331340652156156155344152051531214325623153155466153004122401131424142420526540302521445
420 205.86 277.28 356655150250652250553040554352354156250246251656410120250251254652632650040653201056604422052234215130331042050363123053250205442266516663354112654224642452551050151656151150324152150331213132325153156462156434302401131424142420526560302551443
430 190.80 327.60 356655150250654250553553354352351156254246250646406123250250254652632650030653201054634422052234215130332044050366143053250603442244516601624412654224642452551045151656151150326155154632414314325153156462156404302421101424142631526560302031545
440 192.34 294.28 356650154250654250653100354352351156254246251656446120250250254652632251540653200054334621052234215031301045050363124053250205442266546601624112654224652452551050151656151153324152150334213132623153156462156534302441001124145440526540302541442
450 226.34 306.60 356655150250654250453120354352351156254264251656646120253250254652632650045653203054634422052234225130322044050363123053250405442436546601524412655224642442551010151656151150320155154634514345345152156462156536340431101124145440526540302541442
460 191.08 292.20 356655154250654250653100354352351156254246251656446420250250254652632650040653203054634422052234225130322044050363123053230403442246515601524412655224645442551010151656151152320155154634314345345152126462156534340431161454122450526545302521445
470 224.47 327.00 356655154250654250653160354352351156253265251656446420251250250653632650045653203054034111052234216030331012050363123053220003410244516601624412655224652452555142151656154150426155154631013132626153153462156435540321101124145440526540302021445
480 204.02 300.60 356655153250656250653160354352351156253235251656456420251200250652632650445653203053034121052232216030331012050363123053650446442206546601344212654224352452555042151653156150426155154631216132626153156464156534340431102124143413126522302541445
490 247.47 297.80 356655153250656253653102354352351156253235256656456220251205250652632650045653203053034111052635216030331012050363123053650446442206546601654213655224642052031040153656153130324155114631013132626156135460156125562304161412022420556540102111412
500 234.12 326.80 355655153250656253653102354352351156253233256656456220251205250652632650045633203053034111053635215030331052050363123053150003610506546601654213655224642052631042150653154150426154154631513132626153153162156125562304161414022420556540102141443
510 251.88 309.80 356656153254654250656135554352351151253230251656451030256263250653635650045133203054034111052634216034351012050363123051650446442206546601344213655224642052055042651653154153426154154644564365326156135462156354340261101124145410356520302541445
520 239.29 337.60 356655150250656250653161356352352156254265251653411050251250253652632650040653203054335421051230216050301022050363123053650403415644516601654411604420652056631442151653151150426155154631516132626153153162156120340331131324145010456521402541445
530 240.07 336.20 356655150256656255654161524352351151255235251653411050255250253652632650045650203054335421051230116050311022050363123053650403415644526601654421604420652056631442155653151150026155154131563132626153133164156354340331101104245010456500352543455
540 260.22 349.60 356655150250656250654135514352351151255235251656456260251205250652632650005650203054335441054230256050301021050363123053650403415644516601654412604425652052631142151653151150324155154431560132622153153162156354110235131324125010456521402542545
550 268.87 337.20 356655150250656250654135514352351154251235251656456260251205250252632650005650243055335441054233216050301022055362123353650403415644556601354421604120352056601442155653151150426155154631516132626150153162156351340261101124145410346660302544445
560 260.79 369.40 356655150256656255656135514352351154255235251616456260251205250252612650005650203054335441054233216050301022055362123053650433415644516601654412604424652052631542151653151150324155153430460132536153133162156325112424103124145010246321352543455
570 285.50 408.60 356655150256656250656135514352351151255265251656451260251205250252632250055652603054330421051250116050353021055063123053250403416641516601354421600420652056631542150653151650423155152431560131620153655160155013110235131324245011446610002534445
580 270.05 396.60 356655150250656254653135514352355151255265251656456260251205250251632655055650204054335341051250116050353021050365423053650451414641516601653412604461652652631144151653151154356155154631116133626153135160155013110235331324245011446610002534445
590 258.63 396.80 356655151250656254653135526352353151255265251656136260251005250252632655055650202054335301051230116053651021050362123053650161415644531604056412604461652052631542151253151150426155152436560131420153155162155013110235131324124050456520002142545
600 295.36 393.20 356655150256656155650135516352353151655265251656466260251205250251632655055650204054335344051230116050651021050362123053650165415644541604024416606421652056130342155653154150126152154631564132626154135130155013110231106054144060456541354142155
610 288.87 388.80 356355150250656254650135516351353151255265256656466260251205250251632655055650202054335344050230116050363010050365420055250403415641516601612412604461155055631144151653154150326155154131616543626153153125156513110235501324155011434521354142145
620 291.42 426.80 352655150250252254653135511351351151255265251356656550251105250252632655050650204054335321051230116050353020050365403053050161415614521604014461004421651052631542155651151153326155154131116133626153156125156513106235531324105011136521305242565
630 288.76 400.20 352655150250252254653135511351351151250265251356656550251105250252632655050650204054335321051230116050363060050352123053650165410564541654054412604421651052631142155650151153324155154131116133626153155160156513116235631334155011446541354142145
640 294.49 408.60 356655150250252254651135511351351151255265251356654560250105256252632655055650202054335344050230111050363020050363403053050160415164511601612612604431632052631042155650151153325155144131336143626153155560156513116205531224155011436521354152145
650 289.20 399.60 354654150250252254651035511351351151255265251356654560250105256252632655055650402054335344050235116050333046050365423055250403416145441604054412604421551052631144156653154150426155151135111133626155153125156113113230631324125015436520053046145
660 267.28 401.00 356655150250252254651135600352363156255260253352635560255105256252632655054614202054335353050230116050353120055060613055053161416161541604034112604423651052631144156653154150426155151163110133626153154165150513136235531324155315536555350125245
670 307.01 418.36 352651150250252254651135511354351155255265251656654560250131256252630655055650402054335444050230116051353356050365423055250203415643542601554412604321551052031042155651151150626155154131336133626153152560156513316205531234655011436561354152155
680 272.11 399.00 356652150256256253653135514356356154255265251354655560250305256252632655055650502054335304050630116050333040056064433055253161215664542601551412604620551052531543155256153153436155156440336143626153155560156513316305531234150411336526354652145
690 300.83 397.00 356652150256256253653135514352356154255265251354655565250105256252632655055650502054335301050630116050333040056064453055253161215664442601612612604441551052631042155651151150626155154131336132626153152560156513016205556334155031436166354652145
700 327.06 408.20 356652150256256253653135514356356154255265251354655510250305256252344655055650553054335304052636116050331040056062233054053465013643512001051412604620535052635042155651253152263155151162141153121153152560156513616205556334055014436424634156145
710 306.25 413.60 356652150256256253653135513354356154255265251350655164250105256252152655055650502054335304050536116050333040056050423056053464015643512001551412604620532052631042155656253153264155150163511153126153150161156513316202533614055011336522354652545
720 290.93 417.20 356655150252252254652035514351356154255265251354655265250105256252152655055610502054335304050536116050333040056050423056053464010643012001051412604620535056631502154655655153264255151163131153126153152560156513316202023602255014436224053352145
730 318.05 413.80 356652150252256253654035514356356154255265254354655265250105251252152655055640504054335304050536116050333043056052423054056064015603512001551412600620535052635141155651253153233155151163131153126153154560156513316402554334110014434424131226641
740 309.88 427.08 356652155256256253654036514356356154255265255353655265250101251252632655055600445054335304050536116054353004056050523056653464015603512001551412600620535052635341155651253153133155651163336153126153152560156543316201523644055013330526354652530
750 309.88 406.80 356652150252252254653035514356352154255260250354655665250103251252632255055646502054335304050536116050330040056050423054053464013645562001251412604621532052635141155651253155234155151163230153126153153660156543316201523644055013330526354052540
760 315.18 407.00 356652150252252254653034504356350154251165253353652265250101251252632655055640445050335304250136110050333043056052422056053064015603514001651412600621525050031305155651253153233155651133635153126153152560156513516302523604055016330526354612540
770 304.72 416.80 356652150252252254653035524356352154255265250354655665250201251252632655055640445050335304250236116054334036056052422056053054015603512001501412600625542052636143156651255153254150155633101153626153152550156113516302526614635014436424306225341
780 308.87 418.84 356652150255252254653034504356354154255265250354655665250101251252662255055410402052335004056536116050333043056062422056063054015603512001251412600621525050031601155651253153254150155633101153636153153560151513516402564643050213336526354605530
790 328.33 417.80 352652150256252254656034514350350154252365253354455245253401251252062255055325602054335254050636116054333034051356423054053334015603515000651111600621225052636143153651255156254150155633101153656153152550151513516402564643450213336526354605530
800 301.91 416.80 351652153255252250353031504356324154255265253354655665252101251252235255055666502052330004056333126050333034055062423054053334215603515000651415600641225052136145155651253153250150155632105151124153152560154133316402554643051116330523354606035
810 321.13 421.20 356652150255252254653032514356356154255266251354655665250101251252662255055615502051035254050636136054333041051152426056053064015603162001251412600622225051633355155651653153233154155633115151156156152550156113516402564623450213336526354605530
820 322.48 423.60 351652150256252254656034514356366154255660253354653665250203251252662255053410402052035254050636106054333034056352422056663055015203152006221412600112536054631355155651256153250155155633101153632152153564151513514442564621450413406524354605520
830 322.89 421.40 351652150256262254656034514356366154255660253354653665250203251252662255053410402052035254050636136054333051055152426054053314013643511001501462600112512052333356153651255156254151151532615151125153150560154133316402554643155016330424314606035
840 300.31 428.00 351652150255252254653035514356356154256266252354354665250203251252662255054430402051035254056032116051333061056152422051663055015601162001250412600610532052636143153656255156250151152633615151126153152556151513511442564623450413336516354605530
850 312.52 438.60 356652150255252254653032514356351154250262252354664665250203251252662255055626502052035254056032123051333034051132422056033055015603262001250402606610532053631243153656255156252150155631505151114153152560156633316401454414225616330524355666035
860 324.26 424.80 351652150251252254653032514356356154255365250354653365253503251252662256054430402052035250053032616051333054056152422056001055015603262001250412600610532052633146153251253156250150155133615151136153152556151513511444564623050413336524354605654
870 280.81 436.80 356652150255252254653034564356350154256266252354664605250503251252662256055626502052035254053032616054633051056152412056063012115606262001253414604610532052333306153651255256254151152633310151120153152260151513511414564623050411336524355666032
880 320.75 418.60 356652152255252250655134514356356154255265250354653365250501251252662256054430402052035254256632116051633011056152422051665020015603262001250412600610630052632146153251255256254151152633314152020153152264151513501414564643020413330224355666032
890 341.57 428.20 356652152254252254652034515356356154255265250354653365250301251252662256054400402052033254256632116051136054051132422051665021315661562001410422606110512052031146153250255251250150155133615151136153152260156613311242564635135624536521352660030
900 319.85 432.80 354652150251252254652035544356356154256266252354664365250500251252620256056430322055030114256632616051633061056152422051065024015603262001411422600620532655233656153651255256254250152633615151136151152260155613311242564635165624036414351605314
910 331.14 429.40 354652152254252254652034515356356154255264250314653365250501251252626256054430426055035611256632616051633061056132422056005055055604222001251402600650532052033146153351256256254250152633015151136153152250156613311242564635165624536414351605314
920 329.05 441.60 354652150255252255652034515356356154255264250314653365250501250252220256056430426055035611256632616051633061056152422056005055055604222001251402600650532052030146153351255256254250152633615151136153152265155613301242644635165614330222350605314
930 349.03 433.60 354652153254251254652333514356336154255266252354664361250503251254620256052440422055035114256631112051635061056152422056405055055602122000251402600610532006641643153655655656250150155133615151136153152225153613551212564635165654530234355002410
940 346.93 431.80 351652150255252254653034515356356154255263250354653360250501251254626256056430020055035104256332212051633061056112422056005055055602252001251402606110535055033545153351255256254250152633615151126151152260156613211412544635145624530234355002460
950 350.95 445.60 354652150255252254652333515352356154255265250354653365256503251254620256056230426055035114256632616051633062056132406051565055010264562001452462006110532050233545153351255254254250152633615151136153152260156613511212560635165514530234355002440
960 312.65 451.20 354652150251250251652033514356336154255266250354664365251555251253620256052140422055035114256631212051633661056112422056005055055602242001251402606120545054433545152351255256254251352636615151136153152260166613511261560633465534536520411005214
970 324.97 437.80 355652150254252254355034515355350154255265250354666241251551256254623256056432626055035505256332612051033161056052422056005055655264562001462412605610535052033545156350255251254250152633615151136153152260156613511232560631425624330231323205614
980 340.14 447.00 354653150251250254650354564351336151255266250354556631251501251253320256056435026050035004256632212055030321056162422051426055315264461001452465006110535054033545153355255256254250155433313151136153152260156213515212560633465654330231355205614
990 322.40 446.00 354652150251250254655354564353336154256266252354664301252521251254631256056433026055035604256332110051031360056132416051404055315164330002462402005310535056630146653353255253654250155133413153136153152230156213511252560231425324330231354465610
1000 302.39 432.20 355652154251250254652354564355350154255265256354666241254500250252220255052440420055035604256332110051030320056153422056304555315264465001452465006110530054063146152353255253664250155133453153136153152230156613511233560631422325330231325405614