0 -439.78 -101.80 065636013363242231015115016425545131013563352154646011301634515200222124460514226405330414600440136404540135456434660262223420553346501520356225030245646436552241630022332213211002401412313553640350252426254353031111064053606365045256334013566
10 -50.80 1.40 046031566350405566133001113142210633400533620405506255520430613065660455000654443134433600203504655125502353544564615545120141444143512045260045342130340540220142621220113544420215510442223541222421325611163365566106050302132245025564132353331
20 -7.95 2.80 423112210501644450020061610244523063524656646310526331024405412126313262264165032642624142404111421265361651466235654303503521644041665545206150665265246301462321612465142062646123164532045362361124126133440166540222010412654535204156554643004
30 -2.87 4.40 000151062564330150014454252253135055622251041352002246604341330364550235355615601431304142404653643053351651463026213332323651651054045240006150665265246340220142612465142062646123164532045352361124126133440166540222010412654535204156555406153
40 -2.13 3.00 154053016564330150014454252253135055622251041352002240604341330364550232226525601431301406445631612030132535142026213332323651656022135065106150665265246301462321612465142062646123164532045352361124126133440166540222010412654535204156555406153
50 -3.33 2.40 154051062564330150014454252253135055622251041352002240604341330364550232226525602431301406445631612030132535142026213332323651651054045245006150665265246303462321615465142062642123164532045352361124126133440166540222010412654535204156555406153
60 -0.90 1.80 423112062564330150014454252253135055622251041352002240604341330364550232226522604431301406445601612030132551463026213332323651651054041245006150665265246301462321612465142062646123164532045352361124126133440166540222010412654535204156555406151
70 -1.66 2.60 423112062564330150014454252253135055622251041352002240604341330364550232226525604431301406445631612030132535142026213332323651651054041245006150665265246303462321612465142062646123164532045352361224126123440166543222010412654535204146555406151
80 -3.52 1.80 423112062564330150014454252253135055622251041352002240604341330364550232226535601431301406445631612030132535142626213332323651651054045245306150665265246301462321612465142062646123164532045352361124126133430166540222010412651132222302204443053
90 -1.81 3.40 423112062564330150014456252253135055622251041352002240614341330364550232226525604431301406445631612030132551463026213332323651651354041245006150665245246301462321612465140062646123164532045352361124126133440166540222010412654535204156555403361
100 -0.69 4.60 423112022564330150014456252253135055622251041352002240604341330364550232226525604431301406445631612030132551462026213332323651651054045245006150665265246301162321612465142062646123164532045352361154126133440166543225010412654535204156555403361
110 0.54 4.80 423142042564330150014456252253135055622251041352002240604341330366550232226525604431301406445631612030132551463026213332323651651354041245006150665245246301462321012465140062646123164532045352361154126133440166540222010412651132224156555406151
120 1.75 5.80 423112062564330150014456252253135055622251041352002240604341330366550232226425604431301406445631612030132551463026213332323651651354041245006150665245246301462621612465142062646123164532005352361154126133440166540222010412654535204156555403361
130 1.03 7.60 423112042564330150014456252253135055622251041312002240604341330364250232226525604431301406445631612030132551463024213332323652651354041245006150665245246301462321612465140062646123164532045352361154126133050166540222010412651132224156555406151
140 3.28 8.40 423112062564330150014456252253135055622251041312002240604341330364250232226525604431301406445631612030132551463026213332323652651354041245006150665245246301462321612465142062644143164532045152361154126133450166540222010412651132224156555406151
150 3.38 6.40 423112042564330150014456252253635055622251042312002240604341320364250232226525611431301406445631612030132551163024213332323652651354041245006160665245246301462321612465140062646123164532041352361154126133450166540222010412651132224156555406151
160 3.59 7.60 423102042564330150014456252253135055622251041312002240604341630364250232226525601431301406445631612030132551463024213332323651651354541245006152665245246301462321612465140062646123164532141352361154126133450166540222010412651132224156555406151
170 3.69 6.80 423112042564330150014456252253635055622251041352002240604341330366550232224525624431301406445631612030152551463026213332323651651354041245006152665245246301462321612465142062646123164532045352361154126133456166540262016412651132224156555406151
180 3.47 7.20 423112042564530150014456252253335055622251041352002240604341331364250232226525601431301405444631612030132551463026213332323651651354061245006150665245246301462321612465142062646123164532041352361154126133450166530222010412651132224156555436151
190 -1.05 6.00 420112042564530150014456252253335055622251041352002240604341530364250232226525611431301406445631612030152550463026213332323651651354041245006150665345246301462321612465142066646143164532045352361154126133350166540222010412651152224156555406151
200 2.38 6.80 423112042564533152014456252253335055622251041352002240604341530364250232226525611431301405445631612030152551463026213332323651621354041245006152665245246301462321612465142066646133164532045352361154126133450166540222010412651132224156555406151
210 0.45 8.00 423112042564533152014456252253335055622251041352002240604341330364250232226625601431301405445631612030122551463026613332323651651354041240006150665245246301462321612465352066646143164532045352361154126133450166540222040412651132224156555406151
220 5.48 8.80 423112042564533150014456252253635055622251051332002240604341330364250232226625601431301405445631612030152551463026213332323651651354041240006150665245246301462321612465152066646143154532045352361154126133450166540222040412651132224156555406151
230 5.71 10.40 423112042564533152014456252253335055622251051352002240604341330364250232226625601431301405445631612030552550463026613332323651651354041240006150565245241301462321612465152066646143154532045352361154126133450166540222012412651132224156555406151
240 5.06 8.40 423112042564533152014456252253335055622251551352002240604341330364250231226525611431301406445631612030152550463026213332363651651354041240006150665245246601462321612465152066646143164532045352361154126133450156540222010412651132234156555406151
250 5.62 9.20 423112042564533152014456252253335055622151051352002240604341330364250222226525511431301406445631612030152550463026613332323651651354041240006150665245246301462321622465152066646143154532045352361154126133450166544222040412651132224156555406151
260 5.61 8.80 443112042564533150016456252253635055622251051332002240664341330366550232226525666431301406445461612030352550463026613332323651651354041240006150665245246331462321612465152066646143164532045352361154126133450164540222040412651132224156555406151
270 5.82 10.40 443112042564533150014456352253335055622251051352002240606341330366530232226525616431301406445461612030152550463026603332323651651354041240006150665245246301442321612465152066646143154532045352361154126133456156540222010412651132224156555406151
280 5.72 10.40 443112042564533152014456252253335055622251051352002240604341330366550232226525616431301406445461612030152552463026613332323651651354041240006150665245246301462321612465152066646143154532045352361154126133450166540222040412651132224156555406151
290 7.30 11.20 443112042564533152014456252253335055622251051352002240664341330364250231226525616431301406445461612230152550465026613332323655651354041240006150665245246351462321612455152066646143154532045356361154121133150156540222010412651132224156555406151
