0 10.06 15.00
1 10.48 15.00
2 10.79 15.00
3 11.06 16.00
4 11.30 17.00
5 11.61 17.00
6 12.22 17.00
7 12.37 17.00
8 12.82 18.00
9 13.13 18.00
10 13.30 18.00
11 13.84 18.00
12 14.06 18.00
13 14.08 18.00
14 14.32 18.00
15 14.40 18.00
16 14.73 18.00
17 15.00 19.00
18 15.25 19.00
19 15.39 19.00
20 15.54 19.00
21 15.60 19.00
22 15.94 19.00
23 16.08 19.00
24 16.15 19.00
25 16.38 19.00
26 16.62 19.00
27 16.73 19.00
28 16.94 19.00
29 17.12 19.00
30 17.12 19.00
31 17.33 19.00
32 17.32 19.00
33 17.40 20.00
