0 9.99 15.00
1 10.42 14.00
2 10.79 16.00
3 11.38 16.00
4 11.82 16.00
5 12.29 16.00
6 12.77 17.00
7 12.88 17.00
8 13.03 17.00
9 13.14 17.00
10 13.30 16.00
11 13.24 17.00
12 13.33 17.00
13 13.52 17.00
14 14.00 17.00
15 14.51 18.00
16 14.44 19.00
17 14.46 18.00
18 14.73 18.00
19 14.78 18.00
20 14.85 19.00
21 15.31 18.00
22 15.34 18.00
23 15.52 18.00
24 15.90 18.00
25 16.03 18.00
26 16.44 19.00
27 16.56 18.00
28 16.66 19.00
29 16.74 19.00
30 16.91 19.00
31 16.85 19.00
32 16.91 19.00
33 17.19 19.00
34 17.14 20.00
