0 9.85 15.00
1 10.14 15.00
2 10.91 15.00
3 11.59 15.00
4 11.87 15.00
5 11.86 16.00
6 12.04 16.00
7 11.99 16.00
8 12.04 16.00
9 11.96 17.00
10 12.18 17.00
11 12.50 17.00
12 12.69 16.00
13 12.88 16.00
14 12.98 15.00
15 13.08 17.00
16 13.34 17.00
17 13.53 17.00
18 13.78 16.00
19 14.02 17.00
20 14.15 17.00
21 14.34 17.00
22 14.57 17.00
23 14.59 17.00
24 14.42 17.00
25 14.58 17.00
26 14.54 17.00
27 14.61 18.00
28 14.89 17.00
29 14.93 18.00
30 15.45 18.00
31 15.76 18.00
32 15.72 18.00
33 15.66 18.00
34 15.57 18.00
35 15.74 18.00
36 15.87 18.00
37 15.99 19.00
38 16.36 19.00
39 16.51 18.00
40 16.52 19.00
41 16.63 19.00
42 16.94 19.00
43 17.06 19.00
44 17.17 19.00
45 17.25 19.00
46 17.35 19.00
47 17.46 19.00
48 17.61 19.00
49 17.67 20.00
