0 9.91 14.00
1 10.36 13.00
2 10.91 15.00
3 10.97 15.00
4 10.74 15.00
5 11.51 15.00
6 11.79 16.00
7 11.91 17.00
8 12.46 17.00
9 12.78 17.00
10 13.13 17.00
11 13.54 18.00
12 13.62 17.00
13 13.70 17.00
14 13.89 16.00
15 14.17 17.00
16 14.15 17.00
17 14.27 17.00
18 14.29 17.00
19 14.40 17.00
20 14.59 17.00
21 14.73 17.00
22 14.79 17.00
23 14.87 17.00
24 14.91 17.00
25 14.75 18.00
26 15.11 18.00
27 14.96 18.00
28 14.93 17.00
29 15.02 17.00
30 14.92 17.00
31 15.10 18.00
32 15.18 18.00
33 15.05 17.00
34 14.96 17.00
35 15.30 18.00
36 15.46 18.00
37 15.48 19.00
38 15.47 18.00
39 15.55 19.00
40 15.75 19.00
41 15.96 18.00
42 15.98 18.00
43 16.09 19.00
44 16.03 19.00
45 16.22 19.00
46 16.33 18.00
47 16.41 18.00
48 16.64 19.00
49 16.61 19.00
