0 10.09 15.00
1 10.39 15.00
2 10.92 16.00
3 11.13 16.00
4 11.66 16.00
5 12.16 16.00
6 12.45 16.00
7 12.92 18.00
8 13.11 16.00
9 13.59 16.00
10 13.86 16.00
11 14.15 17.00
12 14.28 17.00
13 14.26 17.00
14 14.22 17.00
15 14.12 17.00
16 14.35 17.00
17 14.45 17.00
18 14.52 17.00
19 14.62 17.00
20 14.71 17.00
21 14.82 17.00
22 14.94 18.00
23 14.92 18.00
24 15.20 17.00
25 15.40 18.00
26 15.50 18.00
27 15.67 18.00
28 15.78 19.00
29 16.08 19.00
30 16.17 19.00
31 16.10 19.00
32 16.34 19.00
33 16.51 19.00
34 16.79 19.00
35 16.54 19.00
36 16.72 19.00
37 16.81 19.00
38 16.92 19.00
39 17.03 19.00
40 17.04 19.00
41 17.29 19.00
42 17.38 19.00
43 17.33 19.00
44 17.37 19.00
45 17.43 19.00
46 17.45 19.00
47 17.50 19.00
48 17.39 19.00
49 17.35 19.00
