0 9.85 16.00
1 10.18 16.00
2 10.23 15.00
3 10.62 15.00
4 10.89 15.00
5 11.50 15.00
6 11.73 16.00
7 11.73 17.00
8 11.93 17.00
9 12.10 17.00
10 12.51 17.00
11 12.75 18.00
12 12.77 18.00
13 13.00 19.00
14 13.41 18.00
15 13.71 18.00
16 13.98 19.00
17 14.38 19.00
18 14.63 19.00
19 15.15 19.00
20 15.21 19.00
21 15.48 19.00
22 15.74 19.00
23 15.61 19.00
24 15.62 19.00
25 15.84 19.00
26 15.97 19.00
27 16.13 19.00
28 16.34 19.00
29 16.47 19.00
30 16.68 19.00
31 16.75 19.00
32 16.96 19.00
33 17.16 19.00
34 17.10 19.00
35 17.46 19.00
36 17.40 19.00
37 17.65 19.00
38 17.65 20.00
