0 10.33 17.00
1 11.06 17.00
2 11.39 17.00
3 11.88 17.00
4 12.64 17.00
5 13.30 17.00
6 13.47 17.00
7 13.81 18.00
8 14.11 18.00
9 14.14 17.00
10 14.22 17.00
11 14.06 17.00
12 14.14 17.00
13 14.31 17.00
14 14.49 18.00
15 14.80 18.00
16 14.75 18.00
17 14.82 17.00
18 15.04 19.00
19 15.17 19.00
20 15.39 19.00
21 15.29 19.00
22 15.29 19.00
23 15.47 19.00
24 15.66 19.00
25 15.91 19.00
26 16.01 19.00
27 16.11 19.00
28 16.15 19.00
29 16.27 19.00
30 16.14 19.00
31 16.27 19.00
32 16.22 19.00
33 16.23 19.00
34 16.31 19.00
35 16.57 19.00
36 16.46 19.00
37 16.21 19.00
38 16.30 19.00
39 16.27 19.00
40 16.46 19.00
41 16.53 19.00
42 16.81 19.00
43 17.06 19.00
44 17.22 19.00
45 17.30 19.00
46 17.46 19.00
47 17.31 20.00
