0 9.67 16.00
1 10.33 17.00
2 10.97 17.00
3 11.07 16.00
4 11.45 18.00
5 11.91 18.00
6 12.42 18.00
7 12.91 18.00
8 13.24 18.00
9 13.16 17.00
10 13.32 17.00
11 13.45 18.00
12 13.71 18.00
13 13.80 18.00
14 13.71 18.00
15 13.87 18.00
16 13.82 18.00
17 13.87 18.00
18 14.16 18.00
19 14.10 17.00
20 14.31 17.00
21 14.33 17.00
22 14.28 17.00
23 14.39 17.00
24 14.44 18.00
25 14.62 18.00
26 14.53 18.00
27 14.71 18.00
28 14.91 19.00
29 14.96 19.00
30 15.39 18.00
31 15.82 19.00
32 15.76 19.00
33 16.03 19.00
34 15.92 20.00
