0 10.01 16.00
1 10.20 15.00
2 10.66 15.00
3 10.95 15.00
4 11.15 15.00
5 11.11 14.00
6 11.46 17.00
7 11.84 17.00
8 12.13 17.00
9 12.35 17.00
10 12.20 16.00
11 12.43 16.00
12 12.75 16.00
13 12.83 16.00
14 13.02 18.00
15 13.19 17.00
16 13.09 17.00
17 13.13 18.00
18 13.21 18.00
19 13.69 18.00
20 14.11 18.00
21 14.19 17.00
22 14.25 17.00
23 14.40 18.00
24 14.71 18.00
25 14.89 18.00
26 14.97 18.00
27 14.92 18.00
28 15.15 18.00
29 15.19 18.00
30 15.30 18.00
31 15.48 18.00
32 15.49 18.00
33 15.83 18.00
34 15.88 18.00
35 15.95 19.00
36 16.08 19.00
37 16.06 19.00
38 16.18 19.00
39 16.27 19.00
40 16.26 19.00
41 16.41 19.00
42 16.64 19.00
43 16.66 19.00
44 16.82 19.00
45 17.23 19.00
46 17.28 20.00
