0 10.04 15.00
1 10.66 15.00
2 11.02 16.00
3 11.38 15.00
4 11.99 16.00
5 12.32 16.00
6 12.66 17.00
7 12.78 16.00
8 12.96 17.00
9 13.20 17.00
10 13.28 18.00
11 13.53 16.00
12 13.70 17.00
13 13.95 17.00
14 14.23 18.00
15 14.34 18.00
16 14.43 18.00
17 14.65 18.00
18 14.98 18.00
19 15.01 19.00
20 15.15 19.00
21 15.26 19.00
22 15.55 18.00
23 15.50 18.00
24 15.81 19.00
25 15.98 19.00
26 16.01 19.00
27 16.18 19.00
28 16.37 19.00
29 16.51 19.00
30 16.49 19.00
31 16.48 19.00
32 16.63 19.00
33 16.77 19.00
34 16.81 19.00
35 16.78 19.00
36 16.89 19.00
37 16.94 19.00
38 16.99 19.00
39 16.99 19.00
40 17.01 19.00
41 17.21 19.00
42 17.45 19.00
43 17.40 19.00
44 17.43 19.00
45 17.25 19.00
46 17.20 20.00
