0 9.86 14.00
1 10.47 15.00
2 10.62 14.00
3 11.00 15.00
4 11.20 15.00
5 11.55 16.00
6 11.73 16.00
7 12.25 16.00
8 12.81 16.00
9 13.05 17.00
10 13.18 17.00
11 13.12 17.00
12 13.33 17.00
13 13.60 17.00
14 13.36 18.00
15 13.46 18.00
16 13.69 18.00
17 13.75 18.00
18 14.08 18.00
19 14.17 18.00
20 14.36 19.00
21 13.99 18.00
22 13.69 17.00
23 14.07 17.00
24 14.40 17.00
25 14.26 17.00
26 14.49 18.00
27 14.59 18.00
28 14.67 18.00
29 14.61 18.00
30 14.65 19.00
31 14.86 19.00
32 14.97 19.00
33 15.08 18.00
34 15.11 18.00
35 15.11 18.00
36 15.17 18.00
37 15.42 19.00
38 15.41 19.00
39 15.49 18.00
40 15.75 19.00
41 15.57 19.00
42 15.77 20.00
