0 9.72 15.00
1 10.10 16.00
2 10.83 16.00
3 10.99 16.00
4 11.29 16.00
5 11.38 16.00
6 11.66 16.00
7 11.96 17.00
8 12.56 17.00
9 12.87 17.00
10 13.27 17.00
11 13.31 17.00
12 13.50 18.00
13 13.13 17.00
14 13.46 17.00
15 13.32 17.00
16 13.49 17.00
17 13.58 17.00
18 13.97 17.00
19 13.70 17.00
20 14.20 17.00
21 14.27 17.00
22 14.42 17.00
23 14.43 17.00
24 14.60 18.00
25 14.70 18.00
26 15.06 18.00
27 15.07 18.00
28 14.95 17.00
29 14.73 18.00
30 14.82 17.00
31 14.91 17.00
32 14.84 18.00
33 14.90 17.00
34 14.93 17.00
35 14.91 17.00
36 14.93 17.00
37 15.12 17.00
38 15.03 17.00
39 14.86 18.00
40 15.01 19.00
41 15.23 19.00
42 15.42 20.00
