0 10.02 16.00
1 10.73 15.00
2 10.73 16.00
3 11.02 15.00
4 11.20 17.00
5 11.52 17.00
6 11.89 17.00
7 12.27 17.00
8 12.97 17.00
9 13.18 17.00
10 13.15 17.00
11 13.16 17.00
12 13.34 16.00
13 13.40 16.00
14 13.54 17.00
15 13.82 17.00
16 13.86 17.00
17 14.19 17.00
18 14.22 17.00
19 14.17 17.00
20 14.17 17.00
21 14.52 18.00
22 14.71 17.00
23 15.03 18.00
24 15.04 18.00
25 15.12 18.00
26 15.26 18.00
27 15.43 19.00
28 15.59 19.00
29 15.69 19.00
30 15.48 19.00
31 15.65 19.00
32 15.53 19.00
33 15.78 19.00
34 15.94 19.00
35 16.01 19.00
36 16.24 19.00
37 16.55 20.00
