0 10.01 15.00
1 10.28 17.00
2 10.80 17.00
3 11.28 16.00
4 11.77 17.00
5 12.17 17.00
6 12.47 15.00
7 12.78 16.00
8 12.88 17.00
9 12.98 17.00
10 13.09 16.00
11 13.08 17.00
12 13.05 16.00
13 13.45 17.00
14 13.18 17.00
15 13.10 17.00
16 13.26 17.00
17 13.30 17.00
18 13.45 17.00
19 13.25 17.00
20 13.51 17.00
21 13.72 17.00
22 13.92 18.00
23 13.90 17.00
24 14.02 17.00
25 13.95 17.00
26 14.18 18.00
27 14.18 17.00
28 14.24 18.00
29 14.59 18.00
30 14.78 19.00
31 15.11 19.00
32 15.40 19.00
33 15.45 20.00
