0 9.83 16.00
1 10.31 16.00
2 10.89 16.00
3 11.19 15.00
4 11.61 15.00
5 11.71 16.00
6 12.08 16.00
7 12.29 16.00
8 12.78 16.00
9 12.88 17.00
10 12.97 17.00
11 13.66 18.00
12 14.06 18.00
13 14.21 18.00
14 14.46 18.00
15 14.77 19.00
16 14.89 18.00
17 15.05 19.00
18 15.30 19.00
19 15.34 19.00
20 15.54 19.00
21 15.61 19.00
22 15.80 19.00
23 15.82 19.00
24 15.95 19.00
25 16.04 19.00
26 16.19 19.00
27 16.08 19.00
28 16.28 19.00
29 16.77 19.00
30 17.02 19.00
31 16.87 19.00
32 16.82 19.00
33 16.78 19.00
34 16.63 19.00
35 16.52 18.00
36 16.49 19.00
37 16.67 19.00
38 16.87 19.00
39 17.12 19.00
40 17.20 19.00
41 17.17 20.00
